10
8846
36282.108466
82054.572803
0.000000
1498.776753
178.445510
7455.255297
13545.942133
0.000000
0.000000
87583.042776
30882.713945
0.000000
14213.042001
82843.182151
0.000000
0.000000
0.000000
0.000000
34088.931409
27740.450229
22020.592559
0.000000
0.000000
0.000000
0.000000
0.000000
0.000000
0.000000
0.000000
0.000000
0.000000
62471.235141
82742.277676
29.248214
16699.442049
0.000000
30498.056042
0.000000
0.000000
0.000000
0.000000
145859.724763
60187.049979
84831.406240
0.000000
0.000000
63365.976037
30690.379431
0.000000
0.000000
0.000000
0.000000
70091.744399
0.000000
0.000000
65518.309163
0.000000
12154.787238
98845.671660
22195.361001
84743.875284
63727.209603
0.000000
0.000000
0.000000
0.000000
64419.591061
0.000000
38695.688230
0.000000
0.000000
0.000000
0.000000
0.000000
0.000000
0.000000
0.000000
0.000000
1610.131783
88961.558973
0.000000
679.255143
0.000000
0.000000
33184.566586
0.000000
34004.193167
103731.791029
17454.869415
110033.725694
213852.198114
41153.877049
0.000000
42342.865237
0.000000
0.000000
0.000000
0.000000
72449.352212
282231.110475
37481.948526
0.000000
0.000000
0.000000
0.000000
48447.436847
159589.534569
0.000000
0.000000
0.000000
115822.457876
47009.768426
35149.281531
0.000000
0.000000
0.000000
0.000000
125581.581539
0.000000
0.000000
764212.498548
56405.463853
0.000000
30811.173395
0.000000
100359.517262
0.000000
0.000000
0.000000
19432.323707
0.000000
448274.601600
0.000000
0.000000
78698.185437
88055.500967
0.000000
48768.586248
0.000000
0.000000
0.000000
234004.156542
0.000000
0.000000
0.000000
637012.751236
0.000000
0.000000
17745.887511
215398.017680
85686.233371
16590.352476
48876.200060
0.000000
252827.511122
85617.188160
90582.527856
0.000000
0.000000
0.000000
0.000000
0.000000
0.000000
0.000000
0.000000
0.000000
45300.541363
0.000000
0.000000
29948.791829
0.000000
2954.844376
106776.377972
0.000000
0.000000
0.000000
95112.507708
139009.911969
0.000000
0.000000
41521.323337
24287.347420
125341.964689
70670.915806
65725.067127
140217.662293
67730.621707
0.000000
55366.773952
490099.652205
696267.782547
275607.594492
574066.505709
434708.358454
0.000000
0.000000
0.000000
64990.011326
38847.614117
103788.450131
0.000000
0.000000
0.000000
163251.152703
0.000000
0.000000
0.000000
0.000000
0.000000
15476.634498
0.000000
68856.551246
0.000000
455971.611942
0.000000
72157.332784
0.000000
0.000000
133773.934868
0.000000
4450.259991
5445.640060
78012.767448
77065.592555
0.000000
0.000000
94011.661417
0.000000
72277.954153
54931.380724
0.000000
122304.922995
89618.127719
0.000000
337902.813184
0.000000
182072.727558
0.000000
0.000000
0.000000
0.000000
0.000000
0.000000
0.000000
141831.054265
196644.796195
231779.650438
0.000000
0.000000
10573.712354
65621.544657
0.000000
3832.946297
0.000000
0.000000
0.000000
73449.443701
65113.043870
0.000000
40074.931438
54586.804811
110840.710527
0.000000
0.000000
0.000000
0.000000
0.000000
46605.164742
33820.000000
0.000000
68478.316413
57331.906442
42956.939777
87921.324571
0.000000
149173.493297
140094.660070
0.000000
0.000000
148761.376464
85005.914837
0.000000
0.000000
0.000000
0.000000
0.000000
0.000000
0.000000
0.000000
29969.726887
61861.521293
0.000000
0.000000
0.000000
15224.868309
0.000000
74563.014876
100039.430233
0.000000
31578.985941
0.000000
70003.740938
0.000000
50405.053254
4438.961189
0.000000
0.000000
53688.952468
0.000000
0.000000
29942.928638
0.000000
0.000000
0.000000
0.000000
0.000000
0.000000
0.000000
95507.453656
0.000000
0.000000
0.000000
0.000000
0.000000
23518.413903
111797.751429
0.000000
0.000000
0.000000
67374.586588
0.000000
0.000000
0.000000
5447.795823
69874.304245
0.000000
0.000000
0.000000
57629.708430
0.000000
0.000000
0.000000
0.000000
0.000000
0.000000
131329.811177
74297.616528
0.000000
42793.293162
0.000000
63990.639258
69321.041091
153735.193148
0.000000
70363.845043
146135.582386
0.000000
626.229827
0.000000
0.000000
0.000000
45348.057840
0.000000
198403.527778
932697.430241
337694.154481
419134.281367
411746.537087
609290.789241
427162.532029
243882.413630
571361.037115
552.941194
44187.881595
0.000000
0.000000
0.000000
33609.897982
87954.321865
14943.338985
29727.900414
175.940810
0.000000
22825.571201
0.000000
0.000000
94682.714586
24319.943651
20806.487555
0.000000
0.000000
0.000000
229213.360330
237555.197284
34168.018842
0.000000
84569.127012
0.000000
52756.972958
0.000000
0.000000
26747.280132
118491.566942
0.000000
620.906169
39089.936513
19991.538757
134999.638395
12118.077151
35530.952422
0.000000
167503.070960
0.000000
127516.622475
0.000000
155331.103137
0.000000
0.000000
156143.223277
0.000000
201660.463711
0.000000
0.000000
0.000000
33422.907930
112084.461683
0.000000
0.000000
0.000000
0.000000
0.000000
48242.976708
36330.235679
0.000000
20643.498093
69108.737676
8284.724200
11857.853811
22970.177529
38801.788556
36730.486189
0.000000
41403.501391
232.759734
6842.573702
35326.391722
0.000000
33887.176304
0.000000
33491.269512
232087.884153
0.000000
1596.742591
11593.862373
0.000000
8177.969809
88402.106612
0.000000
141739.093275
0.000000
13096.235805
68862.890436
18434.978845
36635.993383
55861.919597
6256.650573
34519.447521
0.000000
0.000000
1969.570579
0.000000
329250.408132
0.000000
0.000000
0.000000
36687.001306
0.000000
0.000000
0.000000
121458.844756
59909.897120
0.000000
0.000000
0.000000
66616.158576
95672.411003
59994.562577
0.000000
0.000000
0.000000
0.000000
236.114918
48092.034414
57239.407270
0.000000
0.000000
0.000000
7794.137748
0.000000
0.000000
33096.996598
0.000000
55765.159734
0.000000
0.000000
0.000000
0.000000
0.000000
210379.935120
32965.422594
32560.528549
0.000000
118354.952748
0.000000
51998.715199
0.000000
3383.000000
87446.074032
0.000000
0.000000
0.000000
58571.365291
0.000000
0.000000
0.000000
0.000000
0.000000
41189.431944
172027.376766
0.000000
92696.306242
0.000000
0.000000
0.000000
0.000000
278.208943
104215.052428
0.000000
55665.583510
0.000000
69065.963454
0.000000
88824.243018
0.000000
6188.551389
0.000000
42438.176050
0.000000
0.000000
0.000000
0.000000
31606.308997
0.000000
0.000000
0.000000
10383.641610
39171.702139
0.000000
0.000000
99229.039570
28712.395335
31020.755594
0.000000
0.000000
0.000000
114864.705107
92761.331547
10406.588631
0.000000
0.000000
211128.832683
16642.044570
11663.834546
0.000000
31856.116410
0.000000
0.000000
0.000000
0.000000
0.000000
0.000000
0.000000
0.000000
0.000000
0.000000
0.000000
75247.115850
116619.275213
0.000000
0.000000
0.000000
0.000000
53308.108208
22408.560866
0.000000
32588.584245
0.000000
0.000000
0.000000
0.000000
0.000000
0.000000
340550.787764
0.000000
0.000000
0.000000
0.000000
0.000000
0.000000
0.000000
49209.848640
0.000000
0.000000
0.000000
81083.144675
0.000000
0.000000
0.000000
0.000000
3382.000000
0.000000
0.000000
34932.161837
235.556665
24249.858479
89970.263671
0.000000
0.000000
0.000000
5042.000110
0.000000
0.000000
6892.486036
10973.858124
0.000000
624530.896676
461549.646929
448977.671846
127300.488717
220595.572821
258756.472566
0.000000
175905.818663
0.000000
0.000000
0.000000
17463.340642
0.000000
0.000000
18214.668368
0.000000
14624.639490
0.000000
0.000000
46461.941515
0.000000
0.000000
156676.558183
17752.889650
0.000000
94858.239338
1261.694685
47777.265214
494032.523757
299740.314060
482736.011965
0.000000
265049.972188
12766.312846
66600.764379
0.000000
30381.780903
0.000000
0.000000
0.000000
0.000000
0.000000
75064.849272
86218.595707
0.000000
0.000000
0.000000
0.000000
0.000000
114345.849279
0.000000
0.000000
0.000000
65341.823092
82207.206399
3382.000000
61366.084601
0.000000
0.000000
0.000000
0.000000
0.000000
0.000000
124593.627696
855.601766
0.000000
0.000000
91700.759081
1724.015108
0.000000
15388.964803
99626.340480
0.000000
0.000000
22659.163047
34052.411035
0.000000
0.000000
23436.904086
0.000000
0.000000
57118.868261
10907.806670
0.000000
0.000000
0.000000
437.525625
0.000000
172384.040189
62974.556849
0.000000
48554.975523
2538.616494
58101.957919
2913.216356
8738.728298
16091.806670
0.000000
114408.888808
0.000000
0.000000
0.000000
0.000000
0.000000
134419.006783
0.000000
0.000000
0.000000
618.330104
0.000000
68395.845227
29114.636150
90645.317303
51053.904223
0.000000
0.000000
69435.145085
20518.704385
0.000000
0.000000
0.000000
0.000000
145616.454951
0.000000
12275.751766
0.000000
46196.619517
91348.197260
130924.228890
119705.988465
136547.236918
0.000000
0.000000
0.000000
97086.887232
0.000000
0.000000
0.000000
23945.094364
0.000000
0.000000
0.000000
0.000000
40912.258527
34511.934540
0.000000
42019.448908
0.000000
50827.651306
47420.542191
0.000000
0.000000
0.000000
18384.065457
0.000000
0.000000
6330.363396
59489.996680
60935.070019
488313.392468
3283.136400
0.000000
426524.672766
178308.524663
294745.058627
8869.729893
0.000000
0.000000
0.000000
0.000000
0.000000
0.000000
0.000000
0.000000
38976.139769
0.000000
10612.857592
0.000000
0.000000
0.000000
0.000000
0.000000
2857.529012
16119.693575
0.000000
39313.355346
8722.766978
42128.077878
132901.320005
0.000000
0.000000
0.000000
38482.944737
15477.690350
43060.645984
187528.812542
306843.996092
22590.457076
63569.249002
0.000000
0.000000
0.000000
0.000000
39344.510121
0.000000
54538.720868
335807.457908
87600.125684
0.000000
0.000000
502463.549386
439623.821073
0.000000
0.000000
0.000000
0.000000
83565.177966
0.000000
0.000000
151702.373315
0.000000
0.000000
35186.891625
0.000000
0.000000
0.000000
0.000000
0.000000
0.000000
0.000000
21518.198511
129824.467537
0.000000
29533.088170
0.000000
0.000000
41579.170197
152012.429857
0.000000
0.000000
0.000000
189728.008182
0.000000
0.000000
0.000000
0.000000
0.000000
0.000000
0.000000
0.000000
0.000000
0.000000
51957.030796
0.000000
3382.000000
31924.694612
0.000000
0.000000
77894.449022
3774.310888
0.000000
74.694478
0.000000
0.000000
92620.826681
0.000000
25396.951680
0.000000
0.000000
86093.254128
0.000000
0.000000
104512.725310
80579.726259
63492.241413
0.000000
67211.560665
2018.177528
0.000000
0.000000
41099.489273
28953.880519
40244.617211
15717.176583
55201.037642
29620.630667
423934.698356
3382.000000
246715.264329
86485.898338
0.000000
0.000000
0.000000
52993.106128
0.000000
183424.745789
0.000000
0.000000
0.000000
212037.879816
0.000000
0.000000
260106.208382
171913.530637
0.000000
264241.959128
0.000000
75567.970529
0.000000
0.000000
241202.485805
218635.829028
142668.749346
43937.163660
0.000000
0.000000
0.000000
9038.407362
0.000000
0.000000
0.000000
0.000000
306007.100035
431034.265568
240902.336939
134659.964486
0.000000
0.000000
200258.246122
362401.437051
0.000000
0.000000
0.000000
1227.754011
0.000000
120548.811499
88673.007180
0.000000
0.000000
0.000000
0.000000
114927.106662
265550.509287
0.000000
76937.353022
61607.573891
0.000000
0.000000
0.000000
0.000000
86246.502486
166902.685975
121378.840567
76229.861278
0.000000
3963.138587
21946.675511
47814.276513
63182.475591
0.000000
43974.773395
45475.164043
0.000000
25026.185255
0.000000
0.000000
302314.060514
0.000000
0.000000
0.000000
24.401190
0.000000
124792.908910
0.000000
0.000000
0.000000
35839.011332
0.000000
0.000000
71550.771863
0.000000
0.000000
19541.194116
0.000000
28402.403764
75043.498312
36290.215821
0.000000
26278.452544
0.000000
51771.673393
1999.971500
0.000000
0.000000
0.000000
43902.729899
0.000000
17560.103266
77756.586935
28059.409301
52158.091684
68256.450886
0.000000
0.000000
0.000000
44923.126171
0.000000
61707.236119
0.000000
0.000000
41672.931270
9927.289347
0.000000
0.000000
0.000000
43235.995697
0.000000
67652.336356
0.000000
81925.734152
0.000000
0.000000
43898.513037
254815.169410
0.000000
0.000000
0.000000
0.000000
0.000000
0.000000
0.000000
42220.502937
0.000000
59597.733777
5269.609788
4692.065617
59368.782133
0.000000
0.000000
9594.490744
0.000000
4127.458957
50723.765674
49425.228077
0.000000
0.000000
0.000000
0.000000
0.000000
167014.100032
0.000000
0.000000
0.000000
0.000000
0.000000
0.000000
22174.696760
0.000000
0.000000
0.000000
314.508544
0.000000
68611.149979
0.000000
39923.244871
0.000000
0.000000
21299.177094
0.000000
0.000000
55104.100066
164965.935996
0.000000
0.000000
0.000000
171567.958419
228127.295817
0.000000
162885.199646
0.000000
0.000000
0.000000
0.000000
0.000000
0.000000
167997.399828
3382.000000
30406.339346
0.000000
23094.740128
188681.736098
163463.860996
106634.338872
0.000000
0.000000
0.000000
75824.206375
112532.485127
26115.543982
141500.186211
54830.884483
186709.377679
0.000000
203811.220544
0.000000
134016.612289
0.000000
0.000000
0.000000
0.000000
133159.814939
133452.145010
53017.917413
208319.972036
0.000000
0.000000
0.000000
0.000000
0.000000
90539.148272
18539.074661
139511.279232
0.000000
3382.000000
0.000000
90626.909202
40042.925651
0.000000
0.000000
0.000000
0.000000
0.000000
0.000000
0.000000
0.000000
60092.384264
7836.845033
0.000000
922.718238
67825.099627
0.000000
0.000000
35558.125119
1187.817589
0.000000
0.000000
0.000000
31469.973880
132615.673866
0.000000
0.000000
8862.638773
0.000000
141653.389696
0.000000
0.000000
0.000000
3382.000000
0.000000
0.000000
0.000000
0.000000
33679.308715
0.000000
45006.333772
17622.667769
11575.468561
76592.556408
0.000000
0.000000
35411.579692
0.000000
0.000000
25874.642054
0.000000
0.000000
67614.397830
60370.269986
0.000000
0.000000
37376.077868
48632.543198
46664.864542
46241.653280
30062.852462
2701.294145
43183.570716
56327.827761
0.000000
0.000000
6056.273029
0.000000
749.954936
115193.141412
0.000000
66034.241376
65964.372356
0.000000
0.000000
0.000000
0.000000
0.000000
0.000000
0.000000
0.000000
14733.580648
29123.899111
0.000000
123043.047964
0.000000
0.000000
0.000000
0.000000
33830.000000
0.000000
42622.826043
0.000000
0.000000
0.000000
35549.192063
118065.422288
0.000000
0.000000
0.000000
0.000000
40090.038430
0.000000
84493.525046
49953.469421
24176.529559
0.000000
0.000000
0.000000
0.000000
0.000000
0.000000
8032.580223
67607.017048
0.000000
0.000000
161729.733320
0.000000
0.000000
14552.261106
0.000000
0.000000
0.000000
70192.752347
0.000000
0.000000
0.000000
0.000000
0.000000
0.000000
18794.727864
0.000000
0.000000
0.000000
0.000000
0.000000
0.000000
0.000000
92218.362401
0.000000
0.000000
0.000000
56327.966054
0.000000
16310.056441
80237.290064
0.000000
0.000000
0.000000
0.000000
19479.339310
124278.845460
1454.171903
38538.454042
98353.642761
107086.966555
1834.979616
0.000000
0.000000
0.000000
0.000000
0.000000
3924.182130
77255.095623
0.000000
10377.757899
77802.528144
60802.746989
21835.305687
36761.590017
90841.230599
0.000000
3382.000000
51065.411035
30381.572132
88.524173
101606.372494
48250.728695
0.000000
0.000000
0.000000
0.000000
91468.509539
27820.614616
0.000000
0.000000
40008.559961
9485.431796
27366.238937
31625.440701
0.000000
0.000000
73399.576572
0.000000
0.000000
0.000000
0.000000
0.000000
0.000000
12208.400511
23540.202299
38895.362581
0.000000
167781.303979
0.000000
34166.520870
13791.331071
0.000000
0.000000
16271.854383
0.000000
71265.666443
0.000000
0.000000
67241.325772
0.000000
0.000000
2880.107145
0.000000
33494.065201
0.000000
0.000000
0.000000
0.000000
59523.942653
0.000000
0.000000
6278.623011
49314.251804
0.000000
0.000000
0.000000
0.000000
74823.049408
0.000000
0.000000
0.000000
0.000000
0.000000
46765.990045
50331.463507
0.000000
73774.055786
101962.453024
33706.260301
0.000000
0.000000
12345.531271
19935.544930
152000.798040
117385.853689
0.000000
5205.929221
0.000000
0.000000
0.000000
0.000000
0.000000
45750.866588
83683.831299
0.000000
0.000000
40489.050630
0.000000
0.000000
137544.685192
20848.191386
0.000000
0.000000
0.000000
0.000000
0.000000
0.000000
49226.498228
0.000000
100122.264458
0.000000
3363.990670
64623.367858
52139.229011
0.000000
0.000000
0.000000
25973.741083
142642.078191
15101.321808
10671.139685
172600.067353
0.000000
58453.068588
7979.979365
0.000000
0.000000
187435.569612
92144.508007
23258.828885
102266.779612
108043.222487
0.000000
0.000000
0.000000
0.000000
221712.045058
170701.850674
68250.924682
0.000000
0.000000
0.000000
110040.178168
0.000000
0.000000
0.000000
178733.767098
0.000000
0.000000
0.000000
105326.180145
241989.310285
619.627267
0.000000
0.000000
71816.617767
0.000000
0.000000
0.000000
0.000000
0.000000
11688.935315
0.000000
0.000000
0.000000
29742.281758
0.000000
0.000000
0.000000
43290.972777
0.000000
27365.116568
72389.377340
0.000000
0.000000
109.220707
54820.741678
0.000000
19006.740879
0.000000
7151.007213
0.000000
0.000000
0.000000
0.000000
0.000000
124968.459455
0.000000
43641.602660
34239.384759
56162.317175
75905.701078
0.000000
0.000000
0.000000
17760.908228
12635.271426
57745.755806
25784.054017
192196.811817
37944.420465
76025.776084
185679.533536
0.000000
0.000000
0.000000
0.000000
0.000000
0.000000
0.000000
0.000000
99683.441530
57575.932206
0.000000
0.000000
121665.323423
0.000000
0.000000
126746.861158
44654.560073
112999.083681
54051.857607
35953.517405
0.000000
40024.491127
61318.184714
44409.296465
136612.397473
30555.190805
0.000000
90737.141220
64270.740440
41691.609486
47566.074629
0.000000
0.000000
0.000000
0.000000
0.000000
47186.765640
0.000000
42407.375219
67976.565788
5228.948050
59738.025239
27229.328938
25185.504798
0.000000
39800.697077
0.000000
0.000000
46700.353690
0.000000
44590.886757
0.000000
9746.993021
30845.232996
0.000000
64317.995625
0.000000
0.000000
31090.473788
0.000000
0.000000
5874.337492
54559.161335
319318.520357
35273.730157
0.000000
22027.484176
0.000000
0.000000
12613.673283
0.000000
0.000000
55996.792003
55361.026094
0.000000
0.000000
0.000000
0.000000
0.000000
0.000000
83248.676827
0.000000
132591.465990
19079.752568
59840.419114
0.000000
0.000000
0.000000
83639.887961
173198.777185
0.000000
0.000000
28839.614065
0.000000
0.000000
0.000000
0.000000
0.000000
0.000000
0.000000
0.000000
0.000000
95744.762658
44432.796151
48012.550621
0.000000
0.000000
0.000000
806.022240
0.000000
0.000000
0.000000
60269.678422
0.000000
52215.090412
72542.060658
0.000000
32648.813928
0.000000
0.000000
0.000000
285.286239
0.000000
0.000000
0.000000
0.000000
20617.459204
147104.394128
0.000000
41692.709132
0.000000
0.000000
0.000000
0.000000
0.000000
0.000000
79320.966588
0.000000
27637.241127
124435.702562
140493.981513
0.000000
0.000000
0.000000
0.000000
72991.699675
35177.120367
0.000000
0.000000
0.000000
5710.287392
76.409744
71827.809370
0.000000
0.000000
0.000000
104970.832777
0.000000
0.000000
13922.149797
0.000000
10695.861341
18589.925472
4760.693520
7823.398815
0.000000
0.000000
0.000000
0.000000
0.000000
28909.250852
0.000000
0.000000
0.000000
0.000000
0.000000
0.000000
0.000000
67807.471384
31405.770055
0.000000
31810.078679
0.000000
0.000000
34589.743753
0.000000
0.000000
0.000000
0.000000
0.000000
0.000000
0.000000
0.000000
0.000000
0.000000
0.000000
101139.016857
0.000000
0.000000
0.000000
0.000000
37330.743185
0.000000
0.000000
0.000000
0.000000
0.000000
5679.937134
11070.426238
0.000000
3388.863095
0.000000
0.000000
0.000000
42540.164942
0.000000
0.000000
0.000000
0.000000
0.000000
44357.104287
0.000000
0.000000
0.000000
0.000000
0.000000
0.000000
0.000000
0.000000
53077.571317
0.000000
0.000000
54868.514657
0.000000
0.000000
26647.391151
0.000000
0.000000
0.000000
3774.120959
102913.707949
0.000000
0.000000
0.000000
0.000000
148134.766732
0.000000
0.000000
0.000000
0.000000
330.557802
0.000000
0.000000
0.000000
0.000000
86827.220869
0.000000
0.000000
72803.329722
0.000000
0.000000
0.000000
0.000000
0.000000
0.000000
0.000000
0.000000
0.000000
0.000000
0.000000
2133.947161
0.000000
0.000000
0.000000
13934.459271
0.000000
4449.229710
3425.475490
0.000000
241.444069
181.548073
7408.164438
0.000000
6884.870427
0.000000
55089.137161
0.000000
0.000000
85643.646242
130997.581615
57628.459638
103553.935216
199773.359006
0.000000
2780.915705
1506.250817
43214.022676
0.000000
116956.495059
7482.656556
0.000000
0.000000
0.000000
0.000000
0.000000
24757.500470
69496.015826
22070.770371
0.000000
62727.002271
106477.633624
36054.201854
17470.426983
68754.538624
36434.184428
0.000000
13681.037247
0.000000
35610.785393
0.000000
83111.123970
93716.912341
47478.333122
0.000000
0.000000
115302.718396
64913.402087
29052.517755
0.000000
12921.586728
0.000000
47499.474438
0.000000
0.000000
0.000000
38505.926426
14643.905797
34727.341241
0.000000
0.000000
0.000000
0.000000
93696.383542
0.000000
153784.212075
2997.484182
205.960170
3382.000000
0.000000
55014.221793
39253.734737
0.000000
208786.724278
0.000000
72670.336311
80294.774871
0.000000
38308.933191
0.000000
0.000000
0.000000
0.000000
0.000000
28347.831308
0.000000
0.000000
0.000000
6175.323598
6827.838284
0.000000
55879.253386
0.000000
0.000000
0.000000
0.000000
0.000000
0.000000
0.000000
0.000000
0.000000
0.000000
0.000000
0.000000
0.000000
0.000000
0.000000
0.000000
62133.997915
30332.065548
0.000000
0.000000
0.000000
0.000000
0.000000
0.000000
0.000000
0.000000
0.000000
137150.959600
24826.902577
54906.254620
0.000000
51922.610712
66667.457457
0.000000
0.000000
3555.782020
0.000000
3499.319941
106650.566114
0.000000
57499.522450
0.000000
0.000000
0.000000
62145.841327
0.000000
0.000000
0.000000
0.000000
26813.524363
224531.168557
0.000000
86490.924097
0.000000
0.000000
0.000000
89007.870683
20535.433537
43999.330677
78370.756060
128829.628606
11943.856852
67742.155747
29768.276438
8526.692361
0.000000
0.000000
0.000000
12919.315482
0.000000
0.000000
0.000000
32529.180707
0.000000
300887.263317
0.000000
32544.426406
0.000000
15862.155360
0.000000
0.000000
65367.992706
12599.416533
0.000000
0.000000
28388.609581
0.000000
0.000000
0.000000
0.000000
0.000000
0.000000
0.000000
81889.587793
0.000000
0.000000
0.000000
41440.987871
0.000000
0.000000
0.000000
72817.816064
0.000000
0.000000
16197.095699
56583.747141
0.000000
0.000000
0.000000
0.000000
40625.991385
0.000000
0.000000
0.000000
47134.409547
0.000000
0.000000
33891.387799
93256.363962
0.000000
0.000000
0.000000
0.000000
0.000000
0.000000
0.000000
0.000000
0.000000
0.000000
10608.201064
52866.430814
77260.352254
11603.534800
28982.826423
0.000000
59475.040945
0.000000
51435.268732
0.000000
102391.389680
53181.424802
0.000000
0.000000
0.000000
0.000000
55756.375404
0.000000
66362.454091
42128.429511
0.000000
0.000000
0.000000
0.000000
18194.582333
125914.473980
0.000000
0.000000
0.000000
0.000000
130358.111909
0.000000
0.000000
0.000000
10737.397307
17289.553512
0.000000
4457.391713
0.000000
47367.842765
0.000000
0.000000
54659.362368
0.000000
32131.610584
38338.142167
0.000000
66719.950073
0.000000
0.000000
0.000000
0.000000
0.000000
164646.513532
0.000000
0.000000
0.000000
0.000000
9044.072532
0.000000
0.000000
0.000000
1487.490430
0.000000
10629.962981
0.000000
82004.654378
0.000000
0.000000
72244.005186
0.000000
3840.532429
1054.356283
6434.948945
0.000000
0.000000
7243.623935
0.000000
0.000000
0.000000
0.000000
0.000000
0.000000
80985.307907
153746.007521
51838.491908
1613.474882
0.000000
0.000000
0.000000
14833.203624
21556.251820
35589.093271
65990.673973
0.000000
0.000000
0.000000
0.000000
0.000000
83803.112720
286028.916355
48922.559209
0.000000
66776.991129
0.000000
63224.582135
55849.379631
62336.120948
0.000000
0.000000
0.000000
59240.547972
0.000000
0.000000
3382.000000
0.000000
0.000000
0.000000
28092.263306
54154.790956
0.000000
94409.075085
0.000000
39321.360029
0.000000
84984.041197
0.000000
26394.494007
0.000000
0.000000
89078.264236
0.000000
13753.452609
0.000000
44290.146966
0.000000
111012.250023
0.000000
21975.686625
12161.645940
0.000000
37842.987946
0.000000
0.000000
0.000000
0.000000
0.000000
0.000000
0.000000
0.000000
44363.567565
0.000000
0.000000
162330.041555
0.000000
0.000000
0.000000
30994.873706
0.000000
0.000000
0.000000
29289.190212
12.414225
0.000000
35498.443330
0.000000
0.000000
2217.463346
20819.466052
0.000000
101702.066715
115609.145262
0.000000
0.000000
155769.476258
13862.318909
377306.492529
0.000000
0.000000
0.000000
23925.752539
0.000000
87570.358193
225297.523355
0.000000
0.000000
96690.813348
89892.436381
0.000000
0.000000
29625.818813
0.000000
0.000000
0.000000
0.000000
0.000000
0.000000
0.000000
0.000000
0.000000
0.000000
0.000000
139664.597831
0.000000
0.000000
0.000000
63565.305782
121705.229808
0.000000
0.000000
72029.131589
0.000000
0.000000
0.000000
41686.558393
0.000000
0.000000
0.000000
0.000000
23954.037140
0.000000
0.000000
0.000000
0.000000
0.000000
0.000000
0.000000
0.000000
0.000000
0.000000
670.139292
0.000000
0.000000
0.000000
54117.187657
0.000000
101092.515665
0.000000
165.173944
34789.303407
0.000000
6157.287536
0.000000
0.000000
0.000000
0.000000
0.000000
42276.692649
0.000000
0.000000
0.000000
34218.606311
15594.724751
24140.542739
0.000000
58733.016444
50208.537094
0.000000
0.000000
22417.386327
136128.279908
55534.628202
1208.016130
0.000000
0.000000
236695.336236
0.000000
15486.038918
0.000000
7908.879329
71472.962951
0.000000
0.000000
5760.195192
0.000000
0.000000
69284.018435
95763.067510
0.000000
0.000000
0.000000
23607.493323
0.000000
63175.924618
0.000000
43718.036813
15776.497326
0.000000
0.000000
36416.583989
0.000000
0.000000
0.000000
128008.773812
0.000000
81409.450348
0.000000
17789.223488
0.000000
29239.385236
0.000000
39418.154248
0.000000
28631.335629
0.000000
0.000000
0.000000
13396.965887
0.000000
3564.014089
0.000000
0.000000
229.557678
0.000000
0.000000
2595.471161
0.000000
649.835745
0.000000
0.000000
66421.457696
0.000000
0.000000
23791.816182
0.000000
0.000000
2946.629165
0.000000
0.000000
0.000000
0.000000
0.000000
0.000000
0.000000
0.000000
0.000000
70892.821428
0.000000
84719.583497
0.000000
0.000000
0.000000
68751.650663
32096.604895
3352.608486
0.000000
11133.334983
0.000000
0.000000
0.000000
0.000000
0.000000
0.000000
0.000000
60934.922035
0.000000
20308.102136
0.000000
83181.669535
0.000000
11004.658281
51701.492288
0.000000
58405.344427
37100.600839
18856.793406
6693.828266
6978.300270
0.000000
0.000000
76439.123106
0.000000
40839.803418
0.000000
0.000000
37397.090051
0.000000
0.000000
0.000000
36034.414901
0.000000
0.000000
30951.014456
25566.471887
0.000000
0.000000
31037.583571
60283.126267
37362.768161
43394.095411
75941.463052
21325.862208
0.000000
8088.018908
46768.789082
2910.087465
0.000000
30482.089266
0.000000
0.000000
66292.355902
0.000000
0.000000
0.000000
0.000000
0.000000
0.000000
0.000000
46409.753327
50009.810784
56749.454031
0.000000
0.000000
0.000000
114139.976418
0.000000
0.000000
0.000000
0.000000
196697.346780
0.000000
27485.771526
0.000000
0.000000
62957.336420
0.000000
0.000000
32282.735895
0.000000
0.000000
34322.059596
0.000000
99062.034514
54236.393399
7142.050802
0.000000
64808.609104
86936.868232
0.000000
57698.020540
0.000000
38140.417456
0.000000
0.000000
0.000000
50335.726710
52141.488813
740.854997
44487.427252
46035.132948
0.000000
318.292401
0.000000
0.000000
189491.031066
0.000000
631.850942
0.000000
0.000000
23186.255138
0.000000
102630.202301
0.000000
0.000000
0.000000
105516.279977
0.000000
0.000000
0.000000
0.000000
21172.000104
78729.219166
0.000000
0.000000
141807.156113
0.000000
0.000000
19433.153942
0.000000
0.000000
0.000000
0.000000
257.491502
0.000000
0.000000
0.000000
3918.987828
0.000000
0.000000
0.000000
81247.389910
0.000000
163812.357085
235263.703625
200913.136809
0.000000
66964.510158
0.000000
271314.221367
0.000000
0.000000
0.000000
0.000000
0.000000
0.000000
16050.935775
0.000000
78725.623965
76989.833884
0.000000
0.000000
1652.238829
0.000000
11717.365768
0.000000
0.000000
19654.134462
20387.364969
11735.699088
0.000000
66819.132856
0.000000
0.000000
0.000000
0.000000
0.000000
26870.768186
0.000000
0.000000
98267.021678
71656.357105
19591.012981
59482.140534
56083.265511
41429.199148
51472.618891
0.000000
0.000000
0.000000
0.000000
0.000000
42439.047857
144189.963211
0.000000
0.000000
0.000000
0.000000
75568.837619
0.000000
0.000000
47554.190469
0.000000
0.000000
0.000000
0.000000
0.000000
0.000000
0.000000
0.000000
199822.754617
0.000000
0.000000
0.000000
0.000000
51198.741462
71369.610254
0.000000
101471.247380
101803.919623
39435.029862
22529.374876
0.000000
0.000000
0.000000
45181.040061
186550.506342
0.000000
0.000000
29408.972032
0.000000
84424.394676
107167.638615
50721.746018
41609.707637
80037.308356
0.000000
50837.102496
118957.938506
115495.781111
24124.768751
0.000000
1468.873804
38931.027902
0.000000
0.000000
32419.330879
0.000000
0.000000
169103.822913
82311.055560
51247.266703
10856.838415
114.874828
0.000000
0.000000
0.000000
0.000000
0.000000
40259.463083
145290.954924
0.000000
0.000000
0.000000
33361.887134
40004.623907
37877.500917
0.000000
0.000000
0.000000
0.000000
0.000000
0.000000
0.000000
55045.826359
0.000000
0.000000
6457.168055
25548.920575
0.000000
0.000000
0.000000
0.000000
150420.728086
0.000000
441.908968
0.000000
0.000000
0.000000
184181.250335
0.000000
0.000000
0.000000
0.000000
56232.975825
49589.535691
132834.616428
37326.555187
89152.143329
51246.061054
0.000000
0.000000
0.000000
0.000000
62137.683487
40195.708377
0.000000
522.999329
0.000000
0.000000
38095.714822
0.000000
86605.840053
2295.943950
4064.137809
243.531746
0.000000
0.000000
0.000000
13493.707382
120769.155653
0.000000
19121.059693
19606.723615
0.000000
0.000000
39756.856552
395.737317
6019.816064
0.000000
63033.430749
0.000000
39918.891384
21988.763948
0.000000
0.000000
0.000000
24354.625337
40850.456594
11390.986589
0.000000
0.000000
0.000000
0.000000
0.000000
13269.836952
0.000000
76637.254075
0.000000
53145.711998
4021.648588
0.000000
0.000000
0.000000
23374.568092
0.000000
0.000000
0.000000
21892.389016
0.000000
0.000000
0.000000
146348.669933
0.000000
3382.000000
0.000000
0.000000
0.000000
63189.020580
0.000000
612.821127
860.252604
6767.516509
86438.172620
17988.552923
119395.576302
0.000000
0.000000
53344.606374
0.000000
0.000000
5391.692766
0.000000
0.000000
77790.634316
0.000000
0.000000
29988.306597
0.000000
12292.712465
0.000000
8028.840156
2607.274281
0.000000
0.000000
25097.397203
43707.248991
182938.993920
0.000000
25164.122802
0.000000
45063.942327
59738.423947
0.000000
30472.889739
0.000000
0.000000
0.000000
0.000000
0.000000
0.000000
24851.227311
0.000000
233.853990
0.000000
11472.148366
0.000000
65017.219469
0.000000
0.000000
236250.498226
34125.242361
7489.890733
34797.775148
0.000000
0.000000
0.000000
0.000000
0.000000
0.000000
0.000000
0.000000
0.000000
0.000000
18449.710997
23781.853683
0.000000
34322.977323
0.000000
39213.404826
38329.790237
372.294044
0.000000
103156.655096
43123.559128
0.000000
0.000000
2383.633385
0.000000
59655.702368
9325.475011
0.000000
1010.479732
0.000000
0.000000
0.000000
0.000000
64777.920672
0.000000
0.000000
0.000000
0.000000
0.000000
82832.510438
0.000000
0.000000
43376.199508
0.000000
51763.862900
228033.420581
0.000000
6140.449161
83720.788183
0.000000
0.000000
0.000000
21061.760274
0.000000
0.000000
0.000000
98930.843463
0.000000
0.000000
52585.411266
0.000000
0.000000
898.255573
143383.824153
364177.653529
19473.742428
0.000000
104909.440873
0.000000
75643.681702
39361.893553
0.000000
122885.152386
80985.309942
33072.037444
0.000000
0.000000
0.000000
48558.010213
0.000000
11197.894933
0.000000
0.000000
24697.938067
29183.551981
0.000000
249179.036028
1161.806360
0.000000
17619.632009
0.000000
0.000000
0.000000
0.000000
0.000000
10784.842499
0.000000
0.000000
0.000000
0.000000
28.491342
78364.546430
0.000000
31939.691371
0.000000
42005.390941
68157.433581
0.000000
0.000000
0.000000
0.000000
0.000000
55601.231722
62275.898510
0.000000
14570.506872
50430.267490
0.000000
11257.490535
0.000000
14715.870922
34933.834320
0.000000
36898.264462
22127.078593
7056.607457
0.000000
0.000000
0.000000
97690.788777
14908.353228
35310.214937
13019.741514
10247.370051
0.000000
0.000000
88696.676976
0.000000
34100.875894
0.000000
0.000000
67935.703377
0.000000
0.000000
0.000000
32194.176669
0.000000
49643.677202
89577.858938
0.000000
46279.636456
21176.621128
0.000000
0.000000
0.000000
0.000000
35639.159222
0.000000
0.000000
0.000000
0.000000
0.000000
41557.390703
32242.288597
17526.334550
1771.464647
0.000000
127.837514
41888.117540
0.000000
163689.569883
0.000000
17768.015587
21132.481666
0.000000
0.000000
153751.415162
0.000000
60566.353962
39065.429080
78019.535765
0.000000
109521.503779
0.000000
0.000000
81071.950732
53443.053939
0.000000
0.000000
811.829858
0.000000
0.000000
15269.598808
77556.088835
0.000000
29807.117827
0.000000
0.000000
32664.264871
0.000000
0.000000
0.000000
36516.839022
0.000000
0.000000
27815.530124
0.000000
0.000000
0.000000
188483.195970
0.000000
0.000000
0.000000
0.000000
0.000000
23761.895537
0.000000
0.000000
0.000000
8623.628492
110010.034582
152070.108495
16558.820359
0.000000
0.000000
0.000000
6818.542802
265012.323265
480.190954
40499.269351
0.000000
0.000000
52467.825736
0.000000
0.000000
0.000000
41844.094347
0.000000
0.000000
0.000000
64647.373153
0.000000
25835.201582
16235.837487
76944.433087
0.000000
0.000000
112284.817119
0.000000
13715.887605
0.000000
23671.953096
18067.532472
0.000000
73.525451
37480.760539
0.000000
0.000000
0.000000
0.000000
103703.360015
11288.662312
0.000000
1704.015648
77707.469098
0.000000
30372.325362
0.000000
62184.077890
28670.483664
89377.212066
0.000000
86487.102660
0.000000
58443.107202
0.000000
0.000000
28920.284217
57929.667831
0.000000
0.000000
0.000000
0.000000
0.000000
147611.240226
0.000000
38036.623731
0.000000
0.000000
42495.981642
0.000000
0.000000
0.000000
54694.350512
0.000000
52759.223366
0.000000
1132.423416
0.000000
0.000000
0.000000
0.000000
100149.377071
0.000000
167353.161677
0.000000
74669.558552
38065.080190
0.000000
98681.647549
0.000000
0.000000
0.000000
6734.553469
3736.547652
0.000000
0.000000
0.000000
105332.336330
0.000000
45141.132789
0.000000
152458.189842
0.000000
0.000000
71247.873013
0.000000
0.000000
0.000000
0.000000
0.000000
0.000000
5650.728085
0.000000
125153.146953
0.000000
0.000000
0.000000
0.000000
0.000000
109668.381012
20188.924526
28706.834266
0.000000
0.000000
92159.815586
0.000000
0.000000
0.000000
0.000000
718.164216
0.000000
2819.624170
29742.056510
0.000000
0.000000
490.623232
0.000000
22721.021573
0.000000
0.000000
0.000000
0.000000
0.000000
0.000000
0.000000
81471.635423
0.000000
28098.710660
0.000000
12789.232782
0.000000
0.000000
0.000000
0.000000
0.000000
108912.342050
0.000000
823.671275
0.000000
116699.655929
0.000000
0.000000
0.000000
0.000000
171954.144639
56249.789111
0.000000
0.000000
18071.373427
3382.000000
31117.142785
28508.700303
0.000000
0.000000
0.000000
0.000000
0.000000
0.000000
3383.000000
0.000000
0.000000
0.000000
8.405556
139179.800940
16617.316298
69686.676909
31838.438793
0.000000
0.000000
0.000000
0.000000
0.000000
20891.245755
0.000000
63898.160999
0.000000
0.000000
0.000000
4006.607067
0.000000
0.000000
47001.608448
0.000000
90453.803242
17341.209124
0.000000
221923.632097
0.000000
0.000000
5598.378319
24885.275190
0.000000
0.000000
0.000000
5875.060352
0.000000
0.000000
0.000000
21938.749096
15307.381775
12572.584278
110408.460151
0.000000
0.000000
0.000000
0.000000
0.000000
59365.252304
13351.714219
0.000000
0.000000
0.000000
0.000000
338.929035
0.000000
0.000000
0.000000
0.000000
0.000000
78966.980942
6829.365119
0.000000
0.000000
0.000000
4268.603980
0.000000
0.000000
0.000000
48377.356911
10576.738232
62274.872004
170652.674929
0.000000
0.000000
0.000000
0.000000
64234.502378
0.000000
46867.051301
0.000000
0.000000
59836.695091
0.000000
0.000000
0.000000
0.000000
0.000000
0.000000
17785.528342
31273.506947
23064.232483
0.000000
71759.817485
13063.108048
25065.364092
34500.341342
27578.075100
0.000000
0.000000
0.000000
49441.242733
0.000000
39787.072895
0.000000
0.000000
0.000000
54151.616468
0.000000
0.000000
0.000000
10583.056086
0.000000
0.000000
0.000000
0.000000
0.000000
0.000000
0.000000
0.000000
0.000000
0.000000
0.000000
0.000000
0.000000
0.000000
11749.283818
33738.611467
0.000000
0.000000
101063.222223
1130.926781
116178.059996
0.000000
25343.868755
71396.740945
4417.282084
8300.299308
34.922024
69471.739031
61916.922831
936.385925
0.000000
0.000000
28995.873473
71301.818567
67620.891376
0.000000
48157.189380
0.000000
17730.240265
0.000000
49.994582
0.000000
0.000000
0.000000
62820.486373
0.000000
0.000000
13014.011477
0.000000
0.000000
0.000000
0.000000
37122.199184
0.000000
87472.373578
0.000000
0.000000
0.000000
0.000000
0.000000
0.000000
0.000000
0.000000
0.000000
0.000000
0.000000
0.000000
0.000000
0.000000
0.000000
0.000000
0.000000
0.000000
33821.316882
0.000000
0.000000
75060.568411
0.000000
0.000000
59741.839502
48817.553024
0.000000
22618.323613
0.000000
69260.677055
0.000000
13542.266351
0.000000
0.000000
13993.590941
68050.366144
87570.133775
0.000000
37032.666887
0.000000
0.000000
3146.965455
0.000000
0.000000
0.000000
38837.753600
0.000000
0.000000
0.000000
0.000000
50.351190
0.000000
37801.365794
0.000000
0.000000
9010.038308
0.000000
0.000000
0.000000
0.000000
0.000000
0.000000
0.000000
0.000000
14539.492452
0.000000
79793.191559
36034.322288
0.000000
55337.694203
0.000000
4236.328225
21433.340088
22777.401348
62370.643474
0.000000
0.000000
0.000000
6271.665629
68861.112051
0.000000
28980.907283
0.000000
82543.618883
0.000000
0.000000
35490.575233
0.000000
0.000000
49289.184877
0.000000
0.000000
117323.812223
0.000000
0.000000
0.000000
0.000000
23859.500077
0.000000
0.000000
0.000000
12974.635897
15066.125593
4394.991887
97.546750
42995.181417
0.000000
0.000000
0.000000
29743.811905
0.000000
74767.383859
0.000000
57820.600299
0.000000
46594.447969
0.000000
57572.678352
0.000000
4515.281787
90975.602859
0.000000
0.000000
0.000000
0.000000
0.000000
0.000000
22407.378927
0.000000
475.761835
61567.483998
0.000000
13817.064750
0.000000
45685.958239
0.000000
0.000000
47909.142974
661.420554
0.000000
26786.205217
0.000000
26043.362107
0.000000
0.000000
0.000000
34390.070165
0.000000
23614.713653
11829.329411
0.000000
0.000000
16438.444609
24640.693009
34731.764902
0.000000
10802.613381
0.000000
0.000000
0.000000
0.000000
0.000000
27605.184103
3854.620869
73496.091580
0.000000
47009.600846
28405.874883
0.000000
0.000000
0.000000
0.000000
66087.216981
0.000000
0.000000
72002.108836
0.000000
0.000000
0.000000
0.000000
0.000000
0.000000
36027.360556
0.000000
0.000000
0.000000
0.000000
0.000000
0.000000
0.000000
0.000000
0.000000
0.000000
0.000000
0.000000
41307.084909
0.000000
4436.800557
0.000000
0.000000
0.000000
8297.540623
74090.928693
39736.201865
16127.722115
0.000000
0.000000
0.000000
0.000000
106969.920064
21896.575742
0.000000
79719.109274
0.000000
0.000000
43339.998792
0.000000
0.000000
0.000000
68542.486445
171034.849414
67371.028751
89031.605075
41710.623442
0.000000
0.000000
0.000000
0.000000
0.000000
61550.819332
0.000000
0.000000
132271.444786
30715.714676
32038.330743
0.000000
0.000000
36523.974838
0.000000
43691.749669
0.000000
46433.823811
68357.083530
0.000000
0.000000
0.000000
0.000000
0.000000
42012.327044
0.000000
0.000000
0.000000
0.000000
110929.532003
22155.948526
0.000000
46570.981389
0.000000
0.000000
41959.902298
0.000000
68967.015928
0.000000
0.000000
0.000000
105030.156042
35351.442982
0.000000
0.000000
33830.424460
0.000000
0.000000
46380.396804
0.000000
0.000000
0.000000
31049.940606
0.000000
29883.274447
0.000000
0.000000
0.000000
0.000000
0.000000
0.000000
45.962049
47285.940994
47309.186148
79015.248551
568.467022
18170.395837
27952.185327
0.000000
0.000000
0.000000
20239.061852
34850.240881
0.000000
24077.348607
0.000000
181707.777870
0.000000
27959.918437
0.000000
0.000000
153473.867943
0.000000
0.000000
29432.139754
0.000000
42000.514422
0.000000
0.000000
0.000000
0.000000
18177.753615
0.000000
0.000000
38631.903701
57045.791513
0.000000
677.358806
16281.920330
17090.711470
0.000000
0.000000
0.000000
0.000000
0.000000
0.000000
0.000000
31768.746799
41654.761673
33668.550964
19746.049758
26.207377
0.000000
8225.754509
0.000000
0.000000
38807.783259
13480.377536
0.000000
44077.801591
11476.464090
0.000000
24623.307084
33845.085745
0.000000
23421.887757
52023.517588
38449.210054
150341.490551
0.000000
91633.978065
16328.110141
175414.867587
0.000000
0.000000
26973.298692
10940.826019
0.000000
0.000000
0.000000
37388.640286
99414.966693
0.000000
0.000000
0.000000
0.000000
0.000000
0.000000
0.000000
0.000000
28153.691202
50526.375896
0.000000
175144.426739
262.066451
0.000000
148323.221943
75171.683681
144569.625418
82089.806686
172321.107375
0.000000
35951.330121
0.000000
0.000000
0.000000
0.000000
21099.897247
0.000000
12647.450227
0.000000
0.000000
0.000000
20735.675976
17382.959428
0.000000
0.000000
0.000000
0.000000
59379.571972
0.000000
0.000000
0.000000
0.000000
16939.863517
22616.489785
0.000000
0.000000
0.000000
0.000000
0.000000
0.000000
50942.875084
51.269730
65163.684268
135776.260794
0.000000
0.000000
0.000000
0.000000
0.000000
0.000000
79463.006820
58740.240799
79569.404588
23538.018607
136969.777476
77819.773752
134718.419738
0.000000
55567.941911
72056.002831
48110.564679
0.000000
0.000000
0.000000
0.000000
0.000000
0.000000
82972.255370
0.000000
0.000000
21554.493007
5667.689641
75789.691052
0.000000
7606.649121
0.000000
10047.496270
0.000000
65559.182277
0.000000
22207.109792
0.000000
0.000000
23457.286756
25495.391270
0.000000
0.000000
0.000000
32844.166914
175.020202
0.000000
0.000000
47545.035070
34637.981798
0.000000
630.209151
40388.914257
43240.739255
0.000000
0.000000
0.000000
0.000000
69307.202543
0.000000
31376.391155
0.000000
0.000000
0.000000
0.000000
0.000000
18782.237379
0.000000
23334.963099
0.000000
0.000000
0.000000
0.000000
0.000000
0.000000
0.000000
14207.071222
44624.674119
0.000000
0.000000
848.710556
0.000000
0.000000
0.000000
44.475490
0.000000
21848.351336
0.000000
0.000000
0.000000
0.000000
0.000000
0.000000
53.441378
38120.586861
0.000000
0.000000
124219.223701
39420.622288
73512.765817
2353.925808
0.000000
208155.096344
30425.226965
0.000000
0.000000
23675.048449
0.000000
0.000000
1.000000
18595.858434
13615.710737
11442.046504
0.000000
0.000000
376.987949
0.000000
0.000000
0.000000
0.000000
203.666024
1215.420172
39999.029163
0.000000
45375.789242
0.000000
0.000000
0.000000
62512.175269
0.000000
0.000000
81411.853124
0.000000
0.000000
110640.690645
0.000000
3973.729385
131272.782551
0.000000
53073.824456
0.000000
0.000000
0.000000
60429.861511
122462.009601
40905.688464
266022.241223
39051.457485
0.000000
0.000000
54822.156687
0.000000
349248.363709
0.000000
33711.221832
0.000000
0.000000
0.000000
31818.892915
0.000000
0.000000
0.000000
0.000000
0.000000
193536.039967
12987.185095
14269.342274
86635.296740
3884.626944
0.000000
240389.027739
67766.442973
0.000000
0.000000
0.000000
0.000000
35355.706142
17673.146328
0.000000
1511.867331
0.000000
0.000000
58495.019616
0.000000
30889.185762
0.000000
29043.500077
42881.889767
0.000000
8019.006294
0.000000
85595.166975
11494.251622
0.000000
0.000000
0.000000
0.000000
0.000000
0.000000
0.000000
28629.778555
0.000000
86036.354814
0.000000
0.000000
45244.402427
687.228282
3692.820653
0.000000
20734.826637
70852.337176
18747.755008
32044.166651
37394.831010
0.000000
0.000000
0.000000
0.000000
0.000000
0.000000
0.000000
113069.216456
121230.160322
0.000000
93773.894564
14651.465043
0.000000
0.000000
30.596825
183258.950028
40837.017636
10486.415311
0.000000
48336.224048
36694.046514
157304.700554
12638.934979
56914.589667
142725.780475
66775.039514
0.000000
0.000000
0.000000
26459.645682
52188.878580
13735.793827
16876.109138
0.000000
6281.852895
0.000000
0.000000
45686.472968
374.892748
0.000000
0.000000
48064.243757
0.000000
39520.372885
0.000000
0.000000
83.126190
0.000000
26765.163650
0.000000
212.288533
0.000000
0.000000
0.000000
0.000000
0.000000
27399.969654
0.000000
0.000000
0.000000
0.000000
32676.476566
12289.435635
0.000000
45344.191419
0.000000
5743.570898
0.000000
148350.160259
1711.443479
95418.195395
107798.265476
39495.806296
12274.204788
3760.241430
0.000000
13213.085009
0.000000
0.000000
43075.326150
0.000000
0.000000
0.000000
14908.003066
0.000000
37523.773656
0.000000
0.000000
80696.659063
114261.936527
0.000000
39469.033072
0.000000
0.000000
20092.003066
0.000000
0.000000
0.000000
0.000000
0.000000
30198.260322
0.000000
25204.939887
0.000000
0.000000
0.000000
0.000000
0.000000
8972.763106
0.000000
0.000000
0.000000
87139.914746
0.000000
55182.648140
0.000000
32468.075372
210006.914853
30573.577506
0.000000
64801.165732
152277.984818
0.000000
0.000000
0.000000
0.000000
0.000000
0.000000
7708.629320
0.000000
0.000000
41431.595714
4338.737124
0.000000
0.000000
0.000000
0.000000
569.668183
16858.798635
39605.320449
0.000000
27177.547187
0.000000
0.000000
0.000000
0.000000
0.000000
0.000000
37011.936943
0.000000
0.000000
0.000000
0.000000
247.361155
85186.123692
34974.162674
0.000000
0.000000
24022.007040
0.000000
0.000000
0.000000
0.000000
0.000000
20595.320657
56430.323374
23984.865999
8604.084034
0.000000
4723.709197
0.000000
9570.451310
7941.241606
0.000000
0.000000
0.000000
38320.031721
252268.652526
0.000000
0.000000
15428.865807
23471.992466
60357.369578
0.000000
0.000000
30578.087186
0.000000
0.000000
0.000000
0.000000
9703.780976
26674.454549
0.000000
21736.052031
39681.167052
10326.892171
0.000000
0.000000
12795.430152
0.000000
0.000000
48795.880833
0.000000
35.064683
0.000000
432.374005
33934.489332
50792.944385
0.000000
0.000000
93820.281881
0.000000
0.000000
16833.982133
41242.128510
0.000000
0.000000
0.000000
15392.708732
0.000000
67440.849967
4698.292413
0.000000
0.000000
1346.371852
0.000000
52667.854120
0.000000
0.000000
0.000000
6504.935315
0.000000
0.000000
0.000000
0.000000
48181.427181
0.000000
8313.864688
0.000000
15826.588921
81.576310
14648.404720
27724.262726
7283.922479
0.000000
1492.759741
0.000000
0.000000
0.000000
1620.504013
0.000000
2952.312997
911.105916
0.000000
0.000000
0.000000
8.517857
21082.120070
45144.176686
0.000000
0.000000
0.000000
0.000000
0.000000
59940.963562
0.000000
0.000000
47553.158600
0.000000
61.645635
0.000000
66243.019106
0.000000
0.000000
0.000000
0.000000
271.580408
40205.301729
0.000000
0.000000
22694.492915
12950.015348
0.000000
0.000000
129223.735543
4794.325717
0.000000
0.000000
11667.268687
0.000000
211.371026
0.000000
0.000000
0.000000
0.000000
0.000000
0.000000
0.000000
0.000000
0.000000
3383.000000
0.000000
0.000000
0.000000
0.000000
0.000000
11744.286214
12063.404131
0.000000
0.000000
0.000000
0.000000
57873.854914
23688.200794
0.000000
9134.003588
20610.829224
0.000000
258.233580
0.000000
0.000000
0.000000
0.000000
7881.067465
21337.486081
15103.503782
0.000000
53183.391339
0.000000
0.000000
0.000000
0.000000
12978.063759
11246.281719
0.000000
0.000000
1844.268248
4868.011052
0.000000
0.000000
3268.307597
0.000000
0.000000
2439.018778
0.000000
0.000000
0.000000
0.000000
0.000000
0.000000
48818.473524
0.000000
16471.284129
0.000000
25386.590099
0.000000
0.000000
53085.669138
0.000000
0.000000
0.000000
0.000000
0.000000
0.000000
0.000000
0.000000
36147.950553
0.000000
0.000000
36942.837073
33208.120190
18321.494045
0.000000
79807.634489
0.000000
77243.820997
15658.001676
0.000000
0.000000
586.259937
0.000000
717.173222
0.000000
0.000000
0.000000
0.000000
0.000000
125088.798665
37941.667483
0.000000
0.000000
0.000000
0.000000
37012.283636
0.000000
0.000000
33872.831493
0.000000
0.000000
61774.402127
0.000000
138154.167128
76824.632432
19172.131744
0.000000
0.000000
5348.288484
0.000000
26394.088280
39189.126830
0.000000
2639.015634
0.000000
11382.250288
0.000000
0.000000
67484.482302
3382.000000
0.000000
29928.132115
0.000000
0.000000
0.000000
45136.476091
66928.672824
0.000000
35482.148534
10863.722503
0.000000
0.000000
0.000000
39173.894046
92371.215503
0.000000
2644.474295
0.000000
18816.476796
0.000000
0.000000
108957.004405
20062.328174
0.000000
0.000000
0.000000
48657.528550
0.000000
13771.930583
0.000000
0.000000
0.000000
0.000000
52.978680
0.000000
115130.702286
147.641517
25065.352015
0.000000
0.000000
0.000000
0.000000
2318.047323
33625.294718
0.000000
0.000000
0.000000
10254.796753
0.000000
0.000000
0.000000
0.000000
66045.234288
147.772976
0.000000
22631.301877
31010.980550
0.000000
0.000000
0.000000
0.000000
18861.205716
0.000000
0.000000
8284.452012
1093.723159
0.000000
0.000000
0.000000
52764.528129
15233.842428
55592.656074
0.000000
0.000000
0.000000
107764.214701
0.000000
0.000000
0.000000
15115.126041
0.000000
68714.345307
17883.422121
0.000000
0.000000
31034.006871
14699.743218
41627.680784
0.000000
58477.988741
69519.900939
34548.945600
0.000000
13539.484169
47327.297715
72512.921181
0.000000
14447.751690
36394.327733
0.000000
0.000000
0.000000
3048.687692
0.000000
121165.809222
0.000000
0.000000
0.000000
0.000000
0.000000
0.000000
0.000000
45803.491803
0.000000
19640.082274
0.000000
32719.770914
78130.536855
43879.824248
40981.029956
0.000000
5608.628538
22035.536952
87750.035039
43893.572260
0.000000
0.000000
0.000000
2192.823089
3613.673892
0.000000
0.000000
49944.691783
801.597797
24065.587367
2813.724537
0.000000
43120.759097
1467.293212
10004.771366
0.000000
0.000000
27357.338699
0.000000
0.000000
13244.989060
0.000000
3383.000000
0.000000
0.000000
0.000000
14917.159104
9.595971
0.000000
822.830895
20214.495481
2390.574010
29936.503816
0.000000
38917.808803
73266.301373
0.000000
6290.911628
0.000000
0.000000
0.000000
0.000000
14406.185999
0.000000
0.000000
0.000000
107790.103984
29599.823464
19080.760039
3721.273830
0.000000
0.000000
0.000000
0.000000
6796.384626
26887.691010
0.000000
77922.864649
0.000000
37124.510444
52132.889489
0.000000
21506.007560
32204.280673
19012.162535
0.000000
0.000000
0.000000
0.000000
0.000000
0.000000
22028.668402
0.000000
0.000000
0.000000
7814.452095
0.000000
0.000000
0.000000
57296.785637
0.000000
37267.841539
53008.419567
0.000000
14205.166727
0.000000
25711.962014
38423.814987
0.000000
0.000000
0.000000
0.000000
41376.966588
0.000000
0.000000
25029.087736
0.000000
0.000000
0.000000
37703.618391
0.000000
30193.146826
0.000000
0.000000
0.000000
0.000000
0.000000
0.000000
0.000000
0.000000
59358.243010
0.000000
0.000000
16436.079579
0.000000
50284.086499
25286.524333
0.000000
0.000000
22152.256969
0.000000
51189.537749
41118.692719
8192.616876
0.000000
48870.124612
0.000000
0.000000
31357.475680
0.000000
0.000000
0.000000
136390.543740
111216.964052
0.000000
24859.306549
0.000000
0.000000
0.000000
1120.997815
15345.023385
0.000000
0.000000
0.000000
80492.598283
0.000000
0.000000
12720.075246
0.000000
34084.677634
0.000000
20416.653259
40568.937395
24985.925401
96.109733
126229.596891
0.000000
0.000000
0.000000
50897.397140
0.000000
0.000000
0.000000
0.000000
9347.815180
0.000000
62027.133398
0.000000
0.000000
0.000000
0.000000
46172.292196
0.000000
0.000000
106476.405843
14708.925619
0.000000
0.000000
0.000000
23524.751952
14493.808020
0.000000
2186.727701
493.704202
0.000000
0.000000
32319.316722
0.000000
11786.829388
0.000000
6785.729757
0.000000
47588.238404
16942.354634
23308.173593
0.000000
0.000000
0.000000
0.000000
24151.600440
0.000000
0.000000
0.000000
44742.450290
0.000000
19721.129040
23405.264277
31763.649464
0.000000
0.000000
0.000000
33564.926707
0.000000
0.000000
22976.325523
89121.641688
0.000000
19917.370292
130.853676
0.000000
24947.210109
10930.952503
0.000000
473.001039
86775.525091
0.000000
0.000000
124851.730978
0.000000
69011.601426
28284.125988
9881.740171
10057.507634
0.000000
0.000000
24591.735784
0.000000
0.000000
0.000000
548.058898
58567.852031
0.000000
54725.547256
19349.216098
0.000000
0.000000
15306.149181
13343.266868
0.000000
45700.163205
596.407162
0.000000
0.000000
0.000000
0.000000
15628.849502
0.000000
3290.967175
0.000000
0.000000
0.000000
79974.447412
58426.975126
0.000000
12381.489965
71716.506643
0.000000
39611.639762
0.000000
0.000000
0.000000
0.000000
26622.138926
77919.519620
0.000000
0.000000
917.833919
7782.615794
0.000000
0.000000
0.000000
0.000000
65174.152144
0.000000
0.000000
28848.984457
0.000000
55980.383106
55168.292606
9406.190803
0.000000
0.000000
0.000000
0.000000
0.000000
0.000000
0.000000
0.000000
0.000000
0.000000
17546.427258
0.000000
0.000000
51548.277566
0.000000
31322.335104
0.000000
0.000000
95.257543
79387.134349
0.000000
0.000000
0.000000
0.000000
0.000000
51465.586492
0.000000
0.000000
26547.257544
0.000000
0.000000
0.000000
0.000000
35237.883936
7378.969764
0.000000
0.000000
0.000000
16454.250158
21276.300209
27752.373247
0.000000
27273.758379
0.000000
0.000000
0.000000
0.000000
119587.786430
0.000000
0.000000
50725.380112
19937.452311
0.000000
37449.805966
0.000000
0.000000
12606.824962
0.000000
5.000000
0.000000
19259.534120
85.075942
0.000000
0.000000
39838.508741
16496.347057
32268.365599
49933.926627
0.000000
34085.648808
28003.183353
53918.441012
0.000000
0.000000
0.000000
34985.197612
0.000000
59476.738067
0.000000
0.000000
0.000000
0.000000
16828.812396
24255.107867
8652.682074
0.000000
4000.413555
0.000000
0.000000
33062.179132
1054.446088
149391.513820
0.000000
0.000000
0.000000
0.000000
0.000000
0.000000
0.000000
0.000000
35754.210577
106382.824526
0.000000
29136.915547
7811.578940
0.000000
0.000000
0.000000
0.000000
0.000000
0.000000
0.000000
0.000000
0.000000
130532.558976
31128.133269
0.000000
27503.917586
0.000000
0.000000
0.000000
0.000000
0.000000
0.000000
0.000000
0.000000
0.000000
22294.548121
0.000000
0.000000
0.000000
0.000000
87840.255741
47305.437256
0.000000
2650.959657
0.000000
2117.600022
0.000000
46445.319245
424.830135
0.000000
0.000000
0.000000
0.000000
0.000000
0.000000
0.000000
0.000000
11727.976102
27315.053090
0.000000
929.223596
0.000000
0.000000
0.000000
25528.748571
0.000000
8078.986631
0.000000
19428.090624
0.000000
0.000000
0.000000
0.000000
0.000000
0.000000
0.000000
0.000000
0.000000
38062.377983
0.000000
0.000000
19374.169154
14622.810131
0.000000
0.000000
0.000000
0.000000
0.000000
0.000000
50757.278553
0.000000
0.000000
0.000000
13953.377105
0.000000
0.000000
0.000000
57814.668201
0.000000
0.000000
12971.496885
5213.560182
13351.001870
0.000000
0.000000
0.000000
0.000000
0.000000
193.490115
66160.701763
139.683039
38492.272415
0.000000
60487.127652
47136.801757
0.000000
9682.331620
0.000000
3613.835163
0.000000
0.000000
0.000000
0.000000
24239.511755
0.000000
0.000000
23036.553663
57083.594843
0.000000
118338.371796
106270.742163
89208.977976
71202.231467
17483.966010
0.000000
46904.628756
0.000000
807.680551
0.000000
137247.980710
0.000000
0.000000
34003.735597
113821.123580
0.000000
19201.221194
10143.619944
0.000000
44830.167155
56780.067029
1779.782242
0.000000
3630.196316
0.000000
3897.184120
0.000000
0.000000
0.000000
6684.831323
0.000000
51285.295898
36859.610155
10150.756107
0.000000
0.000000
0.000000
0.000000
9124.498280
0.000000
0.000000
0.000000
0.000000
0.000000
0.000000
0.000000
14501.089684
4780.655868
0.000000
26727.186830
65867.436965
35775.413890
34582.773594
42507.330409
0.000000
134327.344388
123.475397
0.000000
37421.294819
36986.281116
22538.912973
0.000000
0.000000
0.000000
24166.510234
0.000000
0.000000
52539.636291
0.000000
0.000000
0.000000
0.000000
0.000000
0.000000
7411.185471
142.128771
0.000000
0.000000
45725.881974
28201.191092
0.000000
0.000000
0.000000
8217.359194
0.000000
0.000000
103803.887802
0.000000
14531.924750
0.000000
0.000000
0.000000
0.000000
83177.633247
0.000000
0.000000
0.000000
0.000000
0.000000
0.000000
401.364216
134215.004076
0.000000
1922.861991
3382.000000
19476.430919
29481.339359
0.000000
211.622696
0.000000
9169.943532
0.000000
1143.064452
163.651767
21342.066577
0.000000
0.000000
0.000000
0.000000
0.000000
28097.461197
3382.000000
51215.946385
0.000000
0.000000
24289.750448
0.000000
37.695040
147478.191166
25910.840890
6319.228324
0.000000
9039.813691
13376.194741
0.000000
52491.585384
0.000000
0.000000
11630.206603
22056.557565
21682.239708
0.000000
23391.700967
0.000000
0.000000
0.000000
42.776383
0.000000
0.000000
54000.249073
590.989674
0.000000
0.000000
0.000000
0.000000
41736.691916
0.000000
0.000000
0.000000
0.000000
50827.580110
21702.332646
0.000000
0.000000
0.000000
0.000000
0.000000
680.612841
44130.020567
75859.675471
27.452056
0.000000
38748.271337
0.000000
13534.449009
11291.004666
2491.173769
22436.957700
0.000000
19640.842885
0.000000
1687.764580
2101.592017
0.000000
117598.283068
11015.661897
56326.898691
49240.334697
0.000000
0.000000
0.000000
0.000000
69517.402269
0.000000
44720.539326
0.000000
0.000000
31624.025609
0.000000
20988.234305
35736.019190
0.000000
0.000000
0.000000
1597.185193
27408.344615
49675.158203
0.000000
0.000000
0.000000
0.000000
16749.827227
0.000000
0.000000
0.000000
68516.297742
34165.900672
0.000000
0.000000
0.000000
1201.483042
0.000000
15423.261857
0.000000
0.000000
0.000000
5867.452619
0.000000
0.000000
26.520375
13581.597601
0.000000
0.000000
0.000000
0.000000
0.000000
307.409384
0.000000
0.000000
0.000000
0.000000
11197.961348
692.308025
0.000000
11155.295879
0.000000
0.000000
0.000000
3417.595574
75484.700034
55665.631875
1192.148795
0.000000
0.000000
0.000000
0.000000
59557.641400
31283.550960
23831.965675
0.000000
0.000000
0.000000
0.000000
0.000000
0.000000
84221.038121
31159.965543
0.000000
0.000000
16475.297221
8247.432207
0.000000
114498.513323
42007.242051
109029.368611
4.701681
0.000000
61538.770171
0.000000
0.000000
43100.994917
0.000000
0.000000
0.000000
1686.656919
0.000000
0.000000
18164.127647
0.000000
0.000000
0.000000
0.000000
4480.279600
39650.436454
0.000000
0.000000
0.000000
0.000000
36.987302
0.000000
0.000000
3132.382703
78480.534148
0.000000
0.000000
70259.649810
0.000000
0.000000
0.000000
0.000000
65105.339663
0.000000
0.000000
0.000000
32860.376214
6859.565886
21386.652065
0.000000
0.000000
0.000000
0.000000
39648.670562
0.000000
0.000000
0.000000
22755.264845
0.000000
0.000000
0.000000
0.000000
72921.874810
0.000000
0.000000
79765.130880
0.000000
35692.969084
21244.738627
0.000000
0.000000
0.000000
0.000000
0.000000
0.000000
8871.976554
0.000000
0.000000
0.000000
26972.399705
0.000000
0.000000
53884.292827
0.000000
56160.338493
0.000000
25553.887654
0.000000
32794.874297
14011.052363
55004.163809
2405.179726
0.000000
0.000000
0.000000
0.000000
0.000000
0.000000
105.496074
43477.760855
0.000000
0.000000
0.000000
0.000000
10162.861628
102368.174540
0.000000
0.000000
196814.938955
0.000000
92305.119907
38809.323868
0.000000
0.000000
0.000000
4981.999875
0.000000
22203.748507
0.000000
2446.929993
0.000000
0.000000
20973.539920
0.000000
0.000000
27105.262106
0.000000
0.000000
0.000000
38828.607079
32219.859241
0.000000
0.000000
0.000000
0.000000
0.000000
0.000000
8558.000000
681.182594
0.000000
65.704834
61463.868364
4867.473078
1886.443183
17726.888435
0.000000
0.000000
0.000000
14360.931973
417.042736
0.000000
8303.476957
22300.343363
4280.586903
0.000000
68464.270446
0.000000
0.000000
0.000000
32.291270
0.000000
0.000000
0.000000
610.688334
0.000000
0.000000
58825.286882
0.000000
45989.987103
0.000000
0.000000
0.000000
0.000000
41570.854234
0.000000
0.000000
54654.760079
8546.264487
0.000000
0.000000
17896.409692
0.000000
0.000000
0.000000
0.000000
40031.998668
0.000000
51743.982257
0.000000
0.000000
0.000000
0.000000
0.000000
12105.527080
12581.678651
614.243229
0.000000
0.000000
22649.017270
0.000000
0.000000
0.000000
0.000000
0.000000
0.000000
0.000000
25565.649607
0.000000
30810.756479
0.000000
2.000000
0.000000
43567.131774
0.000000
0.000000
86720.605476
0.000000
0.000000
0.000000
0.000000
14645.354878
0.000000
22164.968029
0.000000
10238.764641
16832.359884
16408.445650
5422.044883
5.750000
0.000000
17189.206194
0.000000
0.000000
0.000000
40149.388090
18104.689951
0.000000
6828.697381
32402.625260
0.000000
0.000000
0.000000
0.000000
0.000000
60341.667123
0.000000
3296.398139
0.000000
12817.620399
9938.951723
55450.853563
47729.399815
2387.350807
0.000000
0.000000
0.000000
0.000000
55937.107779
46450.085192
0.000000
19969.587487
18580.697298
0.000000
0.000000
62702.242834
0.000000
104810.187678
69855.251807
3784.457459
0.000000
999.225677
0.000000
0.000000
0.000000
0.000000
26446.235262
56876.553749
47.648810
28012.457058
86796.307031
0.000000
31206.130028
35.442857
0.000000
30509.831513
7343.264128
0.000000
1.000000
6183.081047
17800.517492
0.000000
0.000000
0.000000
0.000000
0.000000
10789.041090
48855.849500
0.000000
0.000000
15235.649775
0.000000
0.000000
0.000000
0.000000
22732.026437
0.000000
19015.149658
0.000000
0.000000
0.000000
0.000000
0.000000
16574.195425
0.000000
0.000000
0.000000
0.000000
0.000000
0.000000
43765.406395
0.000000
0.000000
9122.797792
0.000000
0.000000
0.000000
0.000000
26908.570910
0.000000
0.000000
28791.937519
11711.885046
1905.383325
0.000000
0.000000
20323.273212
0.000000
0.000000
0.000000
0.000000
5006.141901
0.000000
0.000000
0.000000
0.000000
14271.523175
0.000000
904.122592
8194.781332
117.060700
0.000000
0.000000
0.000000
12481.277901
0.000000
0.000000
0.000000
0.000000
0.000000
29875.521573
393.967421
15153.478025
7.500000
274.355468
17341.319236
2124.183607
5901.135466
32205.435155
0.000000
0.000000
0.000000
32719.609364
0.000000
1079.072498
0.000000
0.000000
4933.358118
130.608838
450.990059
0.000000
15930.816453
0.000000
241239.745985
2550.337488
0.000000
36546.664820
6875.157429
202036.785843
0.000000
115995.232761
0.000000
0.000000
32627.478765
0.000000
35119.447188
0.000000
3529.848564
0.000000
41220.229639
0.000000
0.000000
0.000000
0.000000
0.000000
185.835320
0.000000
8814.106005
27166.365404
1445.715381
0.000000
0.000000
0.000000
0.000000
0.000000
31055.085839
22189.254892
0.000000
0.000000
608.951203
0.000000
0.000000
0.000000
0.000000
16136.978562
0.000000
1575.550407
0.000000
14491.532434
0.000000
3382.000000
0.000000
43991.783259
0.000000
0.000000
0.000000
0.000000
850.162333
0.000000
0.000000
92012.595905
18461.062006
27665.167047
26896.254287
0.000000
0.000000
0.000000
21642.093095
0.000000
76099.515890
0.000000
49434.121940
0.000000
0.000000
0.000000
0.000000
0.000000
0.000000
44313.136043
0.000000
9117.382312
9395.147135
0.000000
47974.757190
0.000000
41867.436248
46114.795033
0.000000
17954.635599
19188.754673
294.087175
0.000000
1409.457391
0.000000
0.000000
146.928601
0.000000
0.000000
56798.243872
0.000000
0.000000
0.000000
0.000000
34692.383595
0.000000
0.000000
34052.875556
0.000000
1513.309150
80774.890065
0.000000
39913.788635
2629.409550
0.000000
13516.805310
20610.579294
11077.310996
0.000000
43992.437695
16984.054321
0.000000
0.000000
5627.876539
1.000000
0.000000
33768.589632
1600.590337
0.000000
0.000000
0.000000
0.000000
0.000000
0.000000
35346.388507
22358.912676
0.000000
20849.699068
44140.745318
21864.858236
21203.203946
16133.756870
43155.417935
0.000000
0.000000
25258.039006
0.000000
108899.605981
0.000000
8987.970490
3380.000000
0.000000
0.000000
0.000000
0.000000
11533.972641
0.000000
0.000000
5626.387626
16140.700042
0.000000
4980.540665
16407.605686
0.000000
26389.685269
0.000000
0.000000
0.000000
0.000000
40954.938384
92263.583478
0.000000
0.000000
100.748115
58345.415148
31875.485228
600.829663
8738.149797
0.000000
0.000000
0.000000
10168.609510
0.000000
0.000000
19840.930236
0.000000
0.000000
115.406602
0.000000
0.000000
9527.512882
0.000000
0.000000
0.000000
29463.644732
0.000000
0.000000
0.000000
0.000000
40010.113419
0.000000
0.000000
128.576598
57605.516056
56859.214994
0.000000
0.000000
0.000000
5775.568242
0.000000
0.000000
0.000000
0.000000
491.177438
0.000000
2681.085347
0.000000
0.000000
0.000000
72079.968540
0.000000
70.619444
0.000000
12024.568222
0.000000
0.000000
74851.743915
15146.969664
3382.000000
71.924071
33286.845955
0.000000
9011.887095
0.000000
0.000000
0.000000
0.000000
0.000000
0.000000
0.000000
31951.657739
0.000000
0.000000
36083.736401
0.000000
101262.769012
4501.209071
0.000000
21966.805545
0.000000
0.000000
79226.741501
0.000000
0.000000
0.000000
0.000000
45259.403190
0.000000
0.000000
0.000000
0.000000
3382.000000
0.000000
29445.208087
76815.761983
53409.307324
271284.168921
0.000000
49141.375045
0.000000
0.000000
80162.885885
11397.836942
11151.374985
0.000000
18450.061701
0.000000
31291.087680
0.000000
26213.458708
55183.097604
0.000000
0.000000
0.000000
0.000000
0.000000
14157.928931
0.000000
0.000000
0.000000
0.000000
0.000000
0.000000
47187.571057
0.000000
122903.642839
0.000000
0.000000
44.140751
0.000000
19126.606876
23489.797701
0.000000
49667.142849
0.000000
0.000000
0.000000
7066.565463
0.000000
20852.295227
23106.120429
0.000000
0.000000
0.000000
0.000000
0.000000
0.000000
38504.342111
0.000000
0.000000
0.000000
0.000000
0.000000
0.000000
0.000000
0.000000
18943.390594
0.000000
86137.229372
3382.000000
0.000000
0.000000
1104.286337
20645.885605
28926.460041
0.000000
0.000000
0.000000
0.000000
0.000000
34043.901256
61583.212077
0.000000
0.000000
108515.987841
0.000000
0.000000
0.000000
0.000000
3163.356662
0.000000
0.000000
0.000000
0.000000
0.000000
0.000000
0.000000
0.000000
0.000000
88960.757720
22221.222171
52195.486060
0.000000
58.850225
38609.201994
0.000000
0.000000
2631.830214
74655.376928
0.000000
0.000000
0.000000
8245.286372
25167.088854
0.000000
0.000000
0.000000
0.000000
13710.343242
24495.122430
21790.616747
9846.203127
0.000000
10908.695574
0.000000
37906.593921
0.000000
0.000000
0.000000
74985.936234
0.000000
0.000000
0.000000
50049.821851
0.000000
13914.543446
0.000000
1210.315138
0.000000
0.000000
0.000000
0.000000
0.000000
26093.578217
2121.763866
16434.891207
0.000000
0.000000
55960.037786
328.721676
0.000000
3382.000000
0.000000
0.000000
0.000000
37491.445101
0.000000
1607.436325
2251.983339
0.000000
0.000000
18510.257314
11055.836486
40317.122861
251.656260
0.000000
41186.217500
0.000000
0.000000
88647.967236
0.000000
0.000000
18943.835463
64497.325166
0.000000
125311.171546
0.000000
0.000000
0.000000
0.000000
0.000000
0.000000
1897.996663
0.000000
0.000000
0.000000
1788.853079
0.000000
0.000000
14644.427549
0.000000
0.000000
21546.267490
16875.674124
0.000000
0.000000
93367.049116
3534.116126
0.000000
20142.208248
32162.936158
27537.192497
0.000000
53238.285885
27897.725877
0.000000
67956.303972
0.000000
0.000000
0.000000
0.000000
9587.112270
123250.812722
12648.562011
35721.462852
0.000000
0.000000
762.803228
70655.910885
0.000000
1778.983163
14032.061452
742.810145
0.000000
111385.626619
0.000000
0.000000
0.000000
0.000000
0.000000
0.000000
0.000000
0.000000
0.000000
0.000000
20604.632592
0.000000
0.000000
0.000000
0.000000
15352.876277
0.000000
113783.589233
0.000000
0.000000
0.000000
0.000000
89831.925690
28616.038569
30388.552840
0.000000
0.000000
0.000000
0.000000
0.000000
0.000000
0.000000
17371.401783
0.000000
189.652610
21354.755625
0.000000
0.000000
11713.375048
0.000000
0.000000
0.000000
0.000000
0.000000
11419.336030
0.000000
0.000000
0.000000
0.000000
0.000000
0.000000
26186.411872
26152.946433
0.000000
0.000000
24681.674909
10372.791129
0.000000
37631.266944
0.000000
0.000000
0.000000
0.000000
25741.794693
148.767750
34928.937054
49788.366248
0.000000
0.000000
17314.594683
0.000000
0.000000
48235.721137
23603.626397
20474.092165
0.000000
0.000000
90524.443884
0.000000
32325.536573
0.000000
0.000000
51411.437298
82770.248481
60356.885605
14176.391682
0.000000
0.000000
139413.766914
0.000000
0.000000
0.000000
0.000000
0.000000
0.000000
15377.960925
8826.063712
0.000000
37671.731930
0.000000
0.000000
0.000000
0.000000
0.000000
0.000000
0.000000
0.000000
66544.459459
0.000000
1718.590180
0.000000
62863.583709
0.000000
26066.317392
0.000000
0.000000
584.695545
171.177515
38148.822203
0.000000
0.000000
3382.000000
33152.663486
0.000000
118891.232374
0.000000
30973.778836
0.000000
2613.587429
0.000000
0.000000
0.000000
0.000000
0.000000
0.000000
0.000000
0.000000
0.000000
1881.751569
12638.572044
56383.039593
32038.655317
761.862372
0.000000
0.000000
0.000000
4515.631203
38131.080153
0.000000
13179.190992
0.000000
77038.814841
0.000000
0.000000
0.000000
0.000000
78115.880493
133789.393665
35349.721796
0.000000
0.000000
29738.364730
14802.280418
0.000000
3210.826918
6520.840352
11352.563639
11028.110296
0.000000
0.000000
0.000000
0.000000
0.000000
25726.908452
0.000000
0.000000
8773.093705
8459.478180
0.000000
0.000000
80942.713124
0.000000
0.000000
0.000000
43477.272115
0.000000
0.000000
0.000000
32532.347748
10360.442071
0.000000
42514.743185
22231.083524
71890.879326
0.000000
42896.795499
33563.415288
0.000000
76454.809790
0.000000
0.000000
0.000000
0.000000
14436.033072
104025.441191
0.000000
0.000000
0.000000
551.687288
33124.255155
0.000000
15104.912607
0.000000
0.000000
0.000000
0.000000
153444.006532
0.000000
76725.354034
50232.956298
899.364836
12199.618335
12019.852663
74949.457336
25362.959748
0.000000
0.000000
17786.711912
0.000000
0.000000
0.000000
0.000000
0.000000
0.000000
0.000000
77166.151680
0.000000
31734.141410
51169.758950
0.000000
0.000000
0.000000
96959.874797
0.000000
0.000000
71530.249441
2441.452210
3952.501764
32146.908734
56631.314136
0.000000
0.000000
0.000000
0.000000
97157.231585
0.000000
39876.065465
0.000000
0.000000
0.000000
19334.178260
0.000000
0.000000
164.600239
16518.047107
26972.663245
0.000000
0.000000
8107.703024
2400.827049
0.000000
49917.263300
0.000000
4910.830959
0.000000
7938.964739
0.000000
0.000000
0.000000
21673.333993
2767.125432
15902.348572
0.000000
0.000000
0.000000
15827.244345
0.000000
0.000000
22097.785218
0.000000
11746.542845
0.000000
0.000000
0.000000
28107.035398
0.000000
105.864605
0.000000
3382.000000
44097.493489
0.000000
0.000000
0.000000
11140.003261
0.000000
0.000000
0.000000
0.000000
26075.020069
13357.913110
8714.706520
0.000000
1137.671996
41531.277541
0.000000
0.000000
0.000000
0.000000
0.000000
36687.307188
25290.895069
0.000000
45638.901379
18343.501600
0.000000
0.000000
12265.230454
3396.933333
0.000000
47280.110050
0.000000
0.000000
0.000000
0.000000
0.000000
30308.472083
865.552925
0.000000
1408.705383
0.000000
29514.890086
25483.339601
0.000000
0.000000
37589.046393
0.000000
31306.693201
0.000000
0.000000
39937.643622
0.000000
0.000000
20236.020976
0.000000
0.000000
0.000000
36436.538134
0.000000
0.000000
0.000000
0.000000
12907.119481
0.000000
0.000000
7845.372522
0.000000
13602.084497
0.000000
0.000000
0.000000
88724.129674
0.000000
0.000000
0.000000
12378.191433
0.000000
0.000000
633.134226
0.000000
8310.940974
7279.270166
0.000000
27445.475859
36390.414783
0.000000
45417.140316
29837.387618
16427.093484
40804.927729
0.000000
13354.394901
40623.091010
21089.895431
0.000000
0.000000
0.000000
0.000000
49778.074851
19498.579953
887.687686
0.000000
0.000000
0.000000
0.000000
0.000000
0.000000
0.000000
0.000000
0.000000
0.000000
0.000000
0.000000
0.000000
0.000000
61243.536883
0.000000
37124.170604
0.000000
33949.578768
15235.168749
0.000000
0.000000
0.000000
0.000000
21199.009220
0.000000
57994.678740
0.000000
0.000000
0.000000
0.000000
0.000000
0.000000
0.000000
0.000000
0.000000
0.000000
0.000000
0.000000
0.000000
0.000000
0.000000
0.000000
0.000000
0.000000
0.000000
0.000000
0.000000
0.000000
66133.623361
0.000000
26029.983511
0.000000
16536.591093
30305.876446
0.000000
49497.902794
180006.759224
0.000000
40552.396182
0.000000
3395.124873
3001.223062
0.000000
99.444159
67587.546318
40078.902222
0.000000
27155.751240
0.000000
40.282857
0.000000
12333.446318
13870.790076
0.000000
30951.658392
11183.078063
86683.181373
18508.805859
0.000000
0.000000
0.000000
0.000000
62631.620022
0.000000
0.000000
0.000000
0.000000
34339.849341
0.000000
15997.213470
0.000000
0.000000
0.000000
0.000000
0.000000
0.000000
0.000000
0.000000
12395.440269
0.000000
0.000000
0.000000
27427.307312
0.000000
0.000000
9193.535978
38028.917894
53610.723964
0.000000
0.000000
17893.057739
2904.234169
0.000000
0.000000
0.000000
0.000000
31996.761736
128011.761123
90590.003424
0.000000
0.000000
0.000000
0.000000
112.556823
0.000000
896.416604
34.273878
33456.827302
7117.110603
0.000000
0.000000
0.000000
0.000000
3928.229522
0.000000
0.000000
0.000000
9882.292413
0.000000
19848.239253
0.000000
124324.971432
0.000000
0.000000
0.000000
0.000000
20203.406120
0.000000
12488.895500
25468.180310
0.000000
32419.139144
1299.434707
0.000000
0.000000
0.000000
0.000000
0.000000
0.000000
511.570969
48137.447152
42666.364790
0.000000
0.000000
0.000000
0.000000
0.000000
0.000000
0.000000
40263.780941
0.000000
54129.857062
0.000000
28172.855302
0.000000
87.009402
59700.584060
0.000000
55812.129913
56740.580555
80253.318647
1484.844681
0.000000
30755.910929
0.000000
0.000000
0.000000
0.000000
0.000000
0.000000
0.000000
28699.650155
0.000000
0.000000
0.000000
0.000000
16494.681138
11040.673029
0.000000
0.000000
2805.002061
16465.861613
9156.473667
0.000000
9913.637877
0.000000
0.000000
16050.272851
0.000000
16208.643556
0.000000
0.000000
10722.820910
0.000000
19715.898999
0.000000
5465.334915
0.000000
0.000000
39280.198114
188.527748
17425.926143
0.000000
21569.875085
0.000000
14849.732303
0.000000
32150.988706
0.000000
0.000000
0.000000
0.000000
0.000000
0.000000
12905.770394
23181.165675
25447.118606
30633.185332
0.000000
67.305086
0.000000
0.000000
0.000000
0.000000
0.000000
0.000000
0.000000
80060.397314
0.000000
0.000000
0.000000
1477.286062
0.000000
26.834722
1492.682501
44550.697091
0.000000
0.000000
0.000000
14145.801747
344.641686
63751.852031
38798.381819
0.000000
0.000000
0.000000
0.000000
0.000000
0.000000
25207.570050
29.777570
0.000000
0.000000
0.000000
20506.165102
0.000000
0.000000
6772.019025
0.000000
7379.589084
0.000000
87515.757740
0.000000
22209.703992
62664.906506
20442.458044
36143.674476
705.808027
47549.579280
0.000000
897.297254
4908.514415
0.000000
0.000000
0.000000
0.000000
20958.225841
0.000000
0.000000
0.000000
6114.469566
0.000000
150615.672151
12615.998795
21027.093944
0.000000
0.000000
0.000000
0.000000
0.000000
0.000000
12808.322663
0.000000
60870.622875
52928.526436
30415.176396
40270.311719
74.877500
0.000000
0.000000
23778.320796
0.000000
0.000000
0.000000
0.000000
250.905415
40056.222749
52014.524497
10818.482474
30755.459075
0.000000
0.000000
0.000000
0.000000
19.500992
0.000000
32621.585112
0.000000
14488.259044
0.000000
0.000000
0.000000
3222.208620
7979.290577
0.000000
17942.740520
649.651603
0.000000
0.000000
52506.930062
121598.486805
0.000000
0.000000
56372.612399
0.000000
0.000000
0.000000
16814.123412
0.000000
0.000000
6680.164397
5300.154437
0.000000
5801.683787
0.000000
43001.356994
0.000000
0.000000
5991.664556
0.000000
0.000000
0.000000
0.000000
0.000000
0.000000
7961.909521
0.000000
0.000000
0.000000
0.000000
11720.111584
0.000000
0.000000
64615.508915
2183.758004
0.000000
25680.414172
0.000000
0.000000
0.000000
0.000000
4292.201916
266.994927
25.726623
1262.078024
0.000000
38540.629628
0.000000
0.000000
38.595574
0.000000
0.000000
29334.476733
0.000000
0.000000
0.000000
0.000000
0.000000
16632.417785
0.000000
12342.737920
33593.281301
0.000000
0.000000
0.000000
36869.465576
0.000000
0.000000
0.000000
0.000000
0.000000
32011.428927
16775.004622
0.000000
75774.468605
87414.940364
8733.589576
13496.122479
0.000000
3504.044645
0.000000
0.000000
25861.093575
0.000000
58783.410304
0.000000
0.000000
27458.854525
0.000000
4312.114314
0.000000
0.000000
37460.466458
0.000000
0.000000
0.000000
0.000000
0.000000
0.000000
25546.968389
0.000000
0.000000
5906.493744
0.000000
0.000000
1294.030141
0.000000
0.000000
85.738748
106504.361458
0.000000
0.000000
32470.787097
0.000000
0.000000
0.000000
0.000000
0.000000
102.782143
7929.315411
0.000000
0.000000
0.000000
0.000000
0.000000
0.000000
14452.411098
0.000000
13319.695685
0.000000
0.000000
0.000000
42884.067976
2789.441342
0.000000
32228.547211
0.000000
52475.606320
18354.483039
0.000000
0.000000
0.000000
0.000000
0.000000
2215.671996
38877.889351
0.000000
2631.214997
0.000000
0.000000
0.000000
0.000000
0.000000
0.000000
0.000000
11984.594571
0.000000
30448.032147
0.000000
9206.858013
9243.436923
0.000000
0.000000
8903.581238
0.000000
17545.842709
0.000000
34831.768126
0.000000
0.000000
34302.806714
0.000000
0.000000
0.000000
451.698251
24012.958332
0.000000
0.000000
0.000000
0.000000
0.000000
0.000000
0.000000
6167.237403
0.000000
24845.026130
100553.288140
0.000000
59631.450664
0.000000
13531.700342
46045.861553
187.310151
0.000000
36048.476286
0.000000
0.000000
0.000000
18594.199045
3551.513459
1925.003019
0.000000
41738.305748
0.000000
0.000000
0.000000
31262.043024
0.000000
0.000000
0.000000
18629.993915
3632.115633
0.000000
0.000000
0.000000
16393.046840
0.000000
0.000000
0.000000
0.000000
20548.309707
0.000000
0.000000
0.000000
0.000000
0.000000
4516.075282
8380.105495
3105.562882
7598.361234
26852.985104
13065.513616
29054.546634
0.000000
0.000000
0.000000
23922.260583
0.000000
0.000000
38131.220909
0.000000
0.000000
20695.611943
0.000000
9616.111774
0.000000
0.000000
18007.536824
187.835562
124600.888303
568.274197
53712.516784
30918.453152
1457.669624
0.000000
50229.601636
16581.836942
0.000000
17082.925904
0.000000
0.000000
0.000000
73133.531935
0.000000
0.000000
0.000000
0.000000
18725.651011
0.000000
0.000000
0.000000
39238.938971
0.000000
0.000000
0.000000
0.000000
0.000000
0.000000
256.519234
0.000000
318.066905
0.000000
468.437631
0.000000
0.000000
0.000000
65959.189029
370.884943
0.000000
62212.021888
0.000000
0.000000
0.000000
2384.504899
0.000000
0.000000
16493.215190
0.000000
0.000000
51902.741392
20699.025260
33820.000000
0.000000
0.000000
0.000000
28823.538484
18322.663231
0.000000
28413.647330
857.711660
0.000000
0.000000
15281.786542
88664.167726
0.000000
0.000000
37233.463926
3965.682042
0.000000
24082.566830
0.000000
13857.837805
0.000000
0.000000
0.000000
0.000000
2196.643640
8187.662658
0.000000
0.000000
22973.571036
0.000000
0.000000
290.867244
0.000000
0.000000
0.000000
13674.151605
0.000000
0.000000
0.000000
0.000000
0.000000
22103.332158
13428.884073
0.000000
2848.714873
0.000000
7395.689940
23409.077660
27708.523150
0.000000
31658.773971
0.000000
0.000000
40011.029115
12399.081307
16716.398874
0.000000
0.000000
0.000000
29778.708209
0.000000
0.000000
25265.036968
51281.423082
0.000000
0.000000
0.000000
28817.604898
0.000000
0.000000
0.000000
26727.385859
618.202359
7560.002833
0.000000
0.000000
0.000000
0.000000
0.000000
0.000000
23591.637094
37249.238884
67976.420195
48759.320365
0.000000
42953.778415
0.000000
0.000000
0.000000
0.000000
7166.439079
12672.189519
0.000000
0.000000
0.000000
0.000000
4.727778
0.000000
0.000000
0.000000
8647.011515
102107.778674
0.000000
24712.733486
0.000000
11510.808071
12753.223844
16731.301458
5993.751344
0.000000
1964.828491
0.000000
29439.992025
0.000000
24642.996036
31719.489474
17086.562198
0.000000
0.000000
12780.141116
34132.967094
2683.214316
0.000000
0.000000
0.000000
239.187580
0.000000
30687.998705
0.000000
1372.463102
0.000000
0.000000
0.000000
17304.083781
1176.481528
17607.672392
0.000000
38728.499825
37936.259651
0.000000
28395.526560
3903.406061
0.000000
0.000000
45030.449431
0.000000
567.725872
87869.380247
0.000000
0.000000
0.000000
0.000000
0.000000
0.000000
0.000000
47372.920667
0.000000
0.000000
15801.773395
0.000000
0.000000
0.000000
0.000000
12021.928471
0.000000
0.000000
95907.479676
0.000000
0.000000
64366.518205
0.000000
26713.628051
22401.816674
0.000000
0.000000
0.000000
17681.310315
38709.478878
6507.152508
0.000000
5771.164101
0.000000
54237.902765
0.000000
0.000000
0.000000
0.000000
0.000000
109127.763567
0.000000
0.000000
0.000000
0.000000
0.000000
10500.716149
0.000000
172840.380854
0.000000
0.000000
0.000000
15234.075980
12016.246297
17383.618335
17515.521668
0.000000
20892.681577
0.000000
0.000000
0.000000
0.000000
0.000000
24578.470334
27381.033126
0.000000
9397.037184
0.000000
21702.047107
0.000000
0.000000
78276.666081
43840.036133
0.000000
0.000000
0.000000
0.000000
7766.234982
8229.388511
0.000000
0.000000
0.000000
11487.533632
18372.555390
0.000000
0.000000
70.600836
12449.522571
5783.378497
0.000000
0.000000
21903.931429
26893.226056
0.000000
0.000000
8634.166917
17.933333
17866.531403
0.000000
21.126587
58859.215125
0.000000
3175.410570
9410.000451
0.000000
23002.099112
63318.934697
5559.153776
2215.668273
11099.212398
0.000000
3729.505784
0.000000
17768.776139
0.000000
0.000000
13699.166598
3612.517152
0.000000
0.000000
36111.192406
0.000000
0.000000
194.152588
0.000000
0.000000
15451.057945
0.000000
27608.533913
0.000000
0.000000
18976.692215
51526.902357
0.000000
14779.956830
7565.834071
18434.227416
0.000000
3439.532576
0.000000
3538.091889
0.000000
3382.000000
191641.220753
0.000000
0.000000
36418.168736
0.000000
23431.860362
2586.149306
0.000000
0.000000
24802.529055
0.000000
0.000000
31876.808946
0.000000
846.171605
0.000000
0.000000
0.000000
2800.600003
9601.962609
19908.280918
0.000000
0.000000
20282.908138
0.000000
0.000000
0.000000
33574.447744
0.000000
269.970780
0.000000
0.000000
20772.163456
0.000000
0.000000
0.000000
42639.762594
0.000000
0.000000
0.000000
0.000000
6641.435195
0.000000
6208.360247
0.000000
84201.444618
3424.640812
0.000000
12353.823414
0.000000
12982.165133
0.000000
0.000000
0.000000
0.000000
0.000000
899.636838
43806.524741
0.000000
0.000000
48240.191169
0.000000
0.000000
14521.000081
0.000000
116.513904
10813.211508
0.000000
15856.605618
0.000000
1892.141594
0.000000
23501.640346
0.000000
1409.546931
0.000000
0.000000
9645.643788
37.072677
0.000000
0.000000
0.000000
0.000000
0.000000
24711.695465
13117.884077
0.000000
0.000000
0.000000
0.000000
10798.606134
570.369828
0.000000
0.000000
0.000000
0.000000
0.000000
0.000000
5394.148890
98.220971
0.000000
0.000000
0.000000
0.000000
0.000000
0.000000
0.000000
0.000000
4601.987207
0.000000
0.000000
9.116667
0.000000
41207.393282
146.811616
29018.921144
0.000000
0.000000
51098.630980
24524.230252
5352.838341
0.000000
7304.345687
0.000000
11395.047240
20281.145944
1960.361063
42182.362052
0.000000
0.000000
7721.476824
0.000000
1512.621042
0.000000
0.000000
0.000000
0.000000
0.000000
22926.896742
16502.344082
30255.441970
23870.726115
23940.583963
17857.134156
0.000000
6789.609510
0.000000
0.000000
0.000000
40171.549813
3298.518651
27244.456877
0.000000
18561.090742
0.000000
0.000000
0.000000
20406.649492
0.000000
0.000000
0.000000
6944.373652
16438.012428
0.000000
0.000000
0.000000
30366.062242
16938.775446
0.000000
0.000000
27702.179144
0.000000
0.000000
0.000000
0.000000
0.000000
0.000000
0.000000
0.000000
0.000000
8921.391446
0.000000
0.000000
0.000000
15268.319066
0.000000
0.000000
0.000000
20898.351560
0.000000
7729.627414
19139.854089
20399.476623
0.000000
0.000000
5197.715387
0.000000
44738.397505
11605.380533
10.100000
0.000000
0.000000
11621.410833
28354.077678
0.000000
0.000000
85762.754803
0.000000
0.000000
8634.332526
0.000000
8053.855888
7398.449024
0.000000
0.000000
9420.869816
5736.101712
26715.202037
0.000000
0.000000
0.000000
372.574663
0.000000
16.383333
0.000000
4464.469199
0.000000
26173.701059
0.000000
0.000000
6775.309524
10791.074744
0.000000
0.000000
0.000000
79095.887784
4538.670710
3404.845635
0.000000
22793.703834
8724.326770
0.000000
0.000000
0.000000
17610.365496
0.000000
12118.129149
0.000000
27.360624
1307.495398
0.000000
0.000000
17322.027645
0.000000
0.000000
0.000000
0.000000
13932.165352
21424.402803
21026.518837
0.000000
0.000000
30.791667
0.000000
0.000000
40061.199897
0.000000
0.000000
0.000000
0.000000
0.000000
0.000000
0.000000
0.000000
21626.616283
0.000000
8059.564523
12490.794004
3002.236899
0.000000
39267.857624
9088.396780
45824.441775
0.000000
0.000000
0.000000
0.000000
0.000000
8341.640794
39400.272321
0.000000
0.000000
0.000000
24817.300613
0.000000
0.000000
0.000000
0.000000
0.000000
0.000000
0.000000
0.000000
0.000000
0.000000
0.000000
364.529887
41747.127486
0.000000
48.943204
0.000000
0.000000
0.000000
0.000000
6716.040059
1691.000000
38.934361
54160.123204
1691.000000
0.000000
20490.250792
15779.567543
0.000000
7013.069891
49029.020165
0.000000
54116.410515
0.000000
13113.548827
0.000000
0.000000
0.000000
0.000000
0.000000
0.000000
0.000000
16979.152567
88.502455
0.000000
0.000000
0.000000
0.000000
7009.956673
0.000000
2357.563681
5520.162645
0.000000
1308.697093
0.000000
0.000000
0.000000
0.000000
0.000000
13311.262938
0.000000
0.000000
0.000000
66.618998
0.000000
0.000000
0.000000
0.000000
9444.961704
0.000000
0.000000
0.000000
1552.242627
0.000000
0.000000
453.382335
34885.374477
44579.059799
9708.325071
0.000000
10019.522539
0.000000
0.000000
24314.230542
0.000000
13770.122400
0.000000
59504.366713
0.000000
5331.457967
33.361601
997.046397
0.000000
6161.632239
0.000000
6428.343332
1084.889284
45240.382985
0.000000
0.000000
19676.502086
0.000000
25.816667
40390.218873
12371.460117
58743.176176
0.000000
0.000000
601.284484
16851.371797
0.000000
0.000000
0.000000
0.000000
0.000000
0.000000
0.000000
14658.493131
0.000000
0.000000
0.000000
9653.950171
0.000000
0.000000
70832.417372
0.000000
23065.789145
0.000000
6963.073266
0.000000
0.000000
25311.652240
24929.868991
0.000000
0.000000
0.000000
0.000000
9415.211671
0.000000
0.000000
0.000000
0.000000
0.000000
11334.344820
41822.425854
0.000000
178.632731
57209.476779
3555.449695
0.000000
3854.855304
3435.916270
0.000000
0.000000
0.000000
0.000000
7535.809986
0.000000
20819.209038
0.000000
16310.695065
0.000000
0.000000
7430.732849
13.026190
2184.473227
0.000000
0.000000
0.000000
0.000000
546.501126
0.000000
0.000000
0.000000
1338.381948
443.725661
0.000000
0.000000
7267.927108
0.000000
0.000000
0.000000
105.008417
0.000000
29987.039304
0.000000
24594.597611
10987.720270
11667.288675
0.000000
0.000000
0.000000
63871.397253
20615.053524
3020.059336
0.000000
0.000000
3382.000000
4736.101603
16646.219973
0.000000
4.500000
7366.106731
0.000000
0.000000
0.000000
629.041848
0.000000
26576.564403
0.000000
5189.186877
12927.185727
58.244444
0.000000
4965.886324
0.000000
0.000000
0.000000
0.000000
8722.091889
0.000000
0.000000
0.000000
0.000000
0.000000
0.000000
169338.812399
19147.612954
0.000000
0.000000
0.000000
18921.701569
5084.513734
0.000000
0.000000
17545.388623
0.000000
0.000000
7561.451038
0.000000
0.000000
0.000000
35777.024923
41574.275616
58.365079
28940.843176
0.000000
0.000000
0.000000
0.000000
0.000000
30270.684626
0.000000
15583.544198
718.101358
0.000000
20902.272658
0.000000
0.000000
17280.397258
0.000000
0.000000
0.000000
0.000000
0.000000
3889.715300
0.000000
0.000000
2799.602815
3614.091204
0.000000
3283.196438
4252.516937
3382.000000
4846.816438
0.000000
0.000000
479.465159
79109.593330
0.000000
16504.926971
4968.045899
0.000000
0.000000
29488.955021
0.000000
46893.841907
0.000000
3872.834065
0.000000
1361.090018
2415.278394
0.000000
0.000000
0.000000
0.000000
0.000000
13868.741858
0.000000
12535.343511
32216.377723
0.000000
0.000000
0.000000
0.000000
0.000000
0.000000
230.247065
22595.930912
0.000000
0.000000
30683.078422
112948.214701
7795.882986
3337.536739
11667.485945
0.000000
15060.599848
0.000000
7072.402925
3382.000000
0.000000
0.000000
0.000000
0.000000
37.619780
0.000000
11515.836018
12424.665229
0.000000
0.000000
0.000000
0.000000
0.000000
153424.447379
0.000000
0.000000
0.000000
0.000000
0.000000
122.676122
0.000000
0.000000
0.000000
0.000000
69766.693221
0.000000
11.412698
22959.897100
0.000000
0.000000
0.000000
0.000000
0.000000
0.000000
0.000000
0.000000
0.000000
47182.674151
0.000000
0.000000
0.000000
0.000000
0.000000
0.000000
0.000000
1269.120895
2350.990456
8591.567136
1007.681716
11060.144891
16.861111
0.000000
0.000000
7907.064906
0.000000
0.000000
0.000000
6179.377140
0.000000
0.000000
0.000000
34034.222403
7368.300368
15541.129411
0.000000
17004.681825
0.000000
28570.005886
0.000000
0.000000
11179.018795
21438.810437
0.000000
42585.481391
0.000000
15733.013571
0.000000
0.000000
19646.217029
0.000000
7158.341424
0.000000
0.000000
0.000000
0.000000
1165.020300
0.000000
0.000000
0.000000
26129.106039
10192.522616
0.000000
3382.000000
7088.325361
0.000000
0.000000
0.000000
0.000000
0.000000
0.000000
71071.020395
3382.000000
20993.560456
54482.686937
0.000000
0.000000
537.028481
30842.579038
0.000000
64688.366713
4.000000
0.000000
0.000000
2918.063032
0.000000
0.000000
14354.427693
0.000000
0.000000
0.000000
0.000000
0.000000
0.000000
0.000000
0.000000
0.000000
0.000000
0.000000
0.000000
0.000000
0.000000
0.000000
0.000000
0.000000
0.000000
0.000000
0.000000
28606.627088
0.000000
0.000000
0.000000
0.000000
0.000000
0.000000
6068.912837
0.000000
48503.522124
0.000000
1096.878653
0.000000
0.000000
0.000000
8587.938095
0.000000
18347.260953
0.000000
0.000000
103.541876
0.000000
33045.662170
0.000000
18854.152170
0.000000
54.916270
0.000000
12614.732849
0.000000
708.436608
0.000000
12111.778166
0.000000
0.000000
0.000000
46602.497581
73.748016
1396.566960
0.000000
0.000000
8306.688560
14851.192162
0.000000
9563.777454
0.000000
11587.953645
0.000000
15063.383368
0.000000
12243.392343
102495.321993
39050.984156
0.000000
0.000000
8178.624800
1192.602720
0.000000
3.000000
15568.986306
8541.274235
0.000000
0.000000
21529.647232
13814.271611
0.000000
0.000000
0.000000
158634.061835
0.000000
10027.747253
18.461844
0.000000
33896.659340
0.000000
0.000000
0.000000
51.112302
0.000000
0.000000
0.000000
0.000000
0.000000
0.000000
2625.474957
26060.879805
0.000000
0.000000
4271.747059
14439.992329
0.000000
321.356584
14245.954649
45423.340951
0.000000
13143.688107
0.000000
2758.193281
0.000000
18484.689176
21209.156892
0.000000
0.000000
0.000000
322.085296
19976.243205
0.000000
0.000000
5088.075322
62128.233793
78309.417497
0.000000
0.000000
56844.577484
6950.891598
12096.689052
4887.095510
88423.377395
0.000000
17953.884007
0.000000
0.000000
0.000000
35999.277486
7548.715672
0.000000
346.175345
0.000000
0.000000
0.000000
0.000000
0.000000
2919.559279
0.000000
0.000000
11251.551795
0.000000
0.000000
0.000000
9844.524992
0.000000
0.000000
0.000000
3382.000000
0.000000
30909.155883
0.000000
0.000000
0.000000
3081.577680
0.000000
0.000000
7745.927996
0.000000
12397.176804
0.000000
0.000000
31313.106039
596.223926
0.000000
62519.197827
0.000000
16010.102126
0.000000
20996.768384
8762.170445
19775.306911
9655.762571
0.000000
13614.296336
0.000000
0.000000
0.000000
0.000000
0.000000
5922.124149
0.000000
0.000000
42143.790337
0.000000
0.000000
11040.601019
14457.886981
0.000000
8470.809825
4705.887406
0.000000
3943.747361
16330.176666
91171.429342
0.000000
0.000000
18036.664068
31350.362482
85861.150786
8387.945512
259.871858
0.000000
18047.832487
12912.138030
0.000000
0.000000
7171.019675
3664.813272
0.000000
137082.761113
0.000000
26405.660810
0.000000
7926.205438
7459.348777
0.000000
0.000000
0.000000
0.000000
13620.132543
13363.923774
3416.538034
0.000000
27110.243267
0.000000
0.000000
0.000000
0.000000
2846.418048
6999.349618
0.000000
0.000000
7170.997390
19989.367123
3758.869379
67587.399402
0.000000
0.000000
40133.101980
5118.508358
0.000000
0.000000
0.000000
0.000000
84063.339053
0.000000
26432.952192
0.000000
0.000000
19160.835204
7056.840651
37398.866327
0.000000
21256.452816
5366.881899
0.000000
6194.364567
19820.376236
0.000000
0.000000
40528.918386
54224.704598
8652.926169
0.000000
10497.508051
0.000000
0.000000
0.000000
0.000000
3630.106005
0.000000
0.000000
0.000000
0.000000
0.000000
0.000000
0.000000
0.000000
0.000000
0.000000
3382.000000
37877.717074
916.125368
12561.033876
20997.035785
0.000000
3440.383550
9223.543623
9783.993836
0.000000
22471.313630
0.000000
11337.394390
0.000000
58488.322954
0.000000
29347.963100
23089.794092
5021.523998
0.000000
39813.864916
0.000000
141580.915366
16592.820700
0.000000
0.000000
0.000000
0.000000
0.000000
7048.302735
119397.734590
0.000000
471.304177
0.000000
0.000000
0.000000
5.750000
4152.386757
0.000000
6123.341239
0.000000
6078.104864
0.000000
6809.314424
0.000000
0.000000
8542.260784
0.000000
0.000000
24669.606360
0.000000
0.000000
15955.862913
4695.080729
6764.000000
0.000000
21589.175203
36245.229240
77472.693111
11621.900211
0.000000
0.000000
13458.167321
1660.335989
11519.933163
0.000000
0.000000
0.000000
6731.744288
0.000000
0.000000
0.000000
0.000000
14734.044367
0.000000
0.000000
6509.335627
0.000000
0.000000
28466.775586
0.000000
0.000000
0.000000
0.000000
12933.271612
25748.726289
12355.645876
0.000000
0.000000
0.000000
0.000000
0.000000
3382.000000
0.000000
0.000000
0.000000
0.000000
17257.126298
5209.417200
3.000000
0.000000
0.000000
24217.080564
144.712806
1901.187184
28366.377363
23452.515451
16824.764362
8963.821252
0.000000
0.000000
5091.832911
0.000000
21814.713701
16387.649343
13013.864627
23330.065987
27994.942668
3207.970965
0.000000
0.000000
0.000000
3338.224064
9947.089499
0.000000
0.000000
6797.304460
101919.383510
0.000000
0.000000
0.000000
0.000000
0.000000
0.000000
0.000000
0.000000
0.000000
0.000000
13634.726725
16745.655949
3696.343952
0.000000
0.000000
10212.219472
0.000000
0.000000
0.000000
6676.183864
0.000000
64015.050950
7445.896941
7484.250323
0.000000
0.000000
0.000000
8360.773730
0.000000
27.041148
25586.154285
0.000000
0.000000
0.000000
9655.884139
14284.096371
0.000000
0.000000
0.000000
0.000000
0.000000
0.000000
27161.415748
18194.778372
0.000000
7929.298658
0.000000
9375.253801
0.000000
9345.190511
5233.230856
0.000000
6365.562372
0.000000
1.000000
0.000000
0.000000
9595.695808
0.000000
0.000000
16361.170295
736.532278
0.000000
0.000000
0.000000
93991.074355
0.000000
0.000000
5928.456521
0.000000
6.200000
0.000000
8733.028712
0.000000
0.000000
53239.969640
0.000000
0.000000
10501.766533
0.000000
16002.132085
0.000000
0.000000
0.000000
6517.268540
0.000000
0.000000
166.558810
10163.733333
51.990663
0.000000
0.000000
0.000000
0.000000
0.000000
0.000000
6812.640314
25467.161571
10342.746905
18881.704027
0.000000
11184.139279
12622.607684
0.000000
4.033333
48284.518279
0.000000
0.000000
0.000000
0.000000
0.000000
2124.916267
0.000000
0.000000
0.000000
0.000000
0.000000
1753.026131
20806.246767
0.000000
0.000000
5316.818641
0.000000
17604.779045
10967.499551
0.000000
0.000000
0.000000
25450.098182
5776.924583
0.000000
43409.369057
0.000000
4265.945904
0.000000
3810.570262
13976.315440
915.366737
1205.226852
0.000000
0.000000
17.509524
14952.464084
10773.317970
0.000000
0.000000
0.000000
0.000000
5.000000
3551.779016
0.000000
10039.291642
0.000000
0.000000
0.000000
8171.903221
0.000000
0.000000
215.683877
0.000000
