12
7115
2976.990436
0.000000
219229.205802
77332.572625
111404.299450
0.000000
3535.666331
230946.610978
25637.584844
5359.286578
52.681078
18621.203586
22475.347376
20987.978626
0.000000
0.000000
0.000000
0.000000
6162.145754
19.694976
27128.160189
9652.945122
0.000000
722.334901
912.239620
1762.131380
2906.926259
0.000000
0.000000
0.000000
79581.193836
200139.810570
3432.432256
39343.205433
43745.064250
21338.449262
73566.116561
16539.554896
85094.831803
26778.984301
15545.634121
90384.187744
16591.124799
17769.377460
8001.561596
8506.491505
531.249024
8131.084448
3921.762926
0.000000
15240.859952
3057.853733
3742.284668
454.166719
13387.956815
51077.255228
0.000000
3614.984850
19108.819401
20118.563853
50280.109210
0.000000
8578.177696
10055.025737
12979.135230
0.000000
6057.909904
0.000000
0.000000
0.000000
0.000000
110548.297292
5446.985021
0.000000
0.000000
3940.055048
122.898490
0.000000
12443.684026
11339.277859
14338.211584
5606.243874
157379.305116
461.067351
2909.778550
7203.217547
3937.932841
12312.918482
4641.911925
251.303952
4462.938095
6356.788643
23.129743
0.000000
0.000000
0.000000
0.000000
0.000000
8322.184817
6607.573593
0.000000
0.000000
0.000000
0.000000
0.000000
34588.510054
3374.483831
116155.271630
634.559888
6832.616943
10833.461947
18120.634666
9946.715951
13030.888712
6365.636945
111.831424
0.000000
0.000000
8631.822560
2330.787089
9262.816906
6140.015840
0.000000
3938.249893
4736.816215
7731.017456
11658.010359
7369.359391
30807.737245
0.000000
1364.268829
0.000000
3743.377131
873.543476
8308.953681
0.000000
507.325205
34755.115765
0.000000
12043.270144
38385.005171
2078.033810
32.228344
16302.265094
24187.978082
25364.490818
0.000000
2614.957296
0.000000
0.000000
228.193157
0.000000
0.000000
0.000000
0.000000
6059.814052
18560.426893
0.000000
627.704665
0.000000
44534.133468
0.000000
0.000000
4692.243923
2932.491833
0.000000
812.819064
0.000000
2878.963375
0.000000
0.000000
4843.458673
18.775771
0.000000
0.000000
8226.322021
0.000000
65853.295969
91.352317
4753.825030
0.000000
0.000000
15124.061745
391.903519
4544.762266
4996.598564
0.000000
18231.675167
0.000000
0.000000
120406.218139
2649.309315
4153.986833
5562.206042
35570.597400
1668.794547
32888.786205
14265.065076
12661.085888
0.000000
981.156086
425.571468
342.959491
36073.957275
0.000000
3070.126760
2831.255752
55468.668360
35.356482
0.000000
0.000000
7238.136035
140.340641
0.000000
12657.793732
0.000000
51955.395690
0.000000
19.116739
0.000000
220309.095107
0.000000
0.000000
0.000000
5677.709356
0.000000
8317.201013
9555.607338
1884.973810
10043.814112
34647.737895
15742.369663
466.873885
0.000000
18740.508515
1075.558446
50874.420293
195.522995
0.000000
0.000000
3156.325920
0.000000
4281.872083
7129.204164
8869.780042
13072.623567
2297.305091
137379.790562
0.000000
2445.099998
4862.479844
0.000000
9166.760215
4842.904759
0.000000
54108.098803
4316.279223
9655.600086
17296.504876
2459.485980
0.000000
0.000000
693.950352
1828.857333
29037.978079
4.908767
0.000000
0.000000
0.000000
0.000000
17263.548065
22986.649558
0.000000
14621.876970
7341.002785
9188.143078
71.679499
0.000000
0.000000
0.000000
2547.018705
13190.625874
0.000000
0.000000
0.000000
18349.066259
838174.431166
7339.883600
0.000000
0.000000
0.000000
154.008709
0.000000
2545.978487
0.000000
947.931374
10.184410
4778.327766
0.000000
0.000000
0.000000
0.000000
1563.305509
0.000000
0.000000
5.150366
63.650942
43130.630805
2409.746265
0.000000
0.000000
163.219258
0.000000
0.000000
11091.029732
0.000000
0.000000
0.000000
0.000000
0.000000
49125.720584
0.000000
169890.770449
0.000000
20702.265898
0.000000
192353.720191
5854.027157
30138.780521
0.000000
446.660021
113437.076861
4879.451048
7175.044611
25270.915438
2427.527790
17723.955550
0.000000
0.000000
0.000000
0.000000
0.000000
4662.483672
6991.468060
0.000000
8505.432153
33697.281634
0.000000
56881.780694
0.000000
31031.461805
13987.406034
0.000000
6522.701857
0.000000
0.000000
6716.763578
0.000000
0.000000
7.304167
0.000000
2375.986102
0.000000
2554.447372
16356.989023
55.815958
2849.141934
504.548131
4765.082762
0.000000
0.000000
18258.151459
3132.833249
837.113942
10630.708988
14974.569790
0.000000
0.000000
3277.878101
0.000000
7623.033302
7086.280570
0.000000
0.000000
0.000000
0.000000
158.906690
1238.833381
0.000000
0.000000
0.000000
0.000000
5041.371732
16993.131010
3981.088605
6228.012818
19342.108651
8142.074179
25400.777938
0.000000
0.000000
62113.761487
38977.701856
6385.917331
0.000000
0.000000
36.238105
0.000000
0.000000
585088.676178
405413.298405
35107.415111
12257.130764
16288.967117
19460.971225
0.000000
18024.905477
72.848427
3808.894335
2781.389585
654.643716
14616.289940
89.555417
10674.712371
27796.742110
3946.394957
2388.687112
1769.706916
7204.422301
20841.825606
76277.235323
180.258801
184420.021569
23144.647633
3539.202486
13828.043487
0.000000
1504.230050
11963.487019
150770.359491
0.000000
1793.289935
1334.595292
10608.656195
0.000000
0.000000
4741.174060
6236.922615
4423.854534
3229.807144
1455.841044
0.000000
0.000000
12816.919748
29251.219129
35519.178793
0.000000
5996.790608
0.000000
27536.529010
3558.758854
3768.305142
0.000000
1014.806789
12688.193186
817.987494
0.000000
706.720308
16679.750945
52110.763726
8528.705282
3956.367559
28419.778901
4457.941227
221.452411
10570.625593
26755.918511
11676.371246
47579.234870
1650.194326
8834.555162
253.306089
16234.279866
132579.829273
4940.599100
12130.107803
10946.564869
21193.148527
0.000000
0.000000
3385.830797
18259.309367
14467.265124
15475.937605
12155.507493
104367.592713
7181.149201
4265.125118
338.646348
0.000000
10282.564264
81.372389
52785.745996
1210.880172
8171.703066
9943.684670
21398.506026
6711.980447
120900.781377
0.000000
7151.137349
51132.286323
6003.978073
0.000000
4527.980152
8767.626482
0.000000
145683.778642
414.183641
2201.714869
6363.688922
37160.496530
0.000000
5026.030755
361.204860
0.000000
0.000000
536.978561
0.000000
0.000000
5192.746758
5776.146245
0.000000
55206.422589
61359.320162
4891.141169
16413.955832
4899.018045
49014.586200
3510.953351
10509.156345
1199.111785
6676.722816
5612.927829
37056.483533
7710.387237
102206.231071
6635.962904
21717.373474
29410.461533
1284.176446
0.000000
0.000000
5162.534953
17850.250738
10103.545301
0.000000
690.538599
5494.439075
48002.228705
0.000000
1392.650319
2476.078098
16601.252001
26243.257374
31566.894370
3697.617799
6415.088358
2838.341229
0.000000
12094.202735
5311.451877
3425.377582
5906.207216
553.123018
7426.289699
1841.689664
26345.724026
0.000000
41858.305931
0.000000
0.000000
0.000000
182.290256
24774.371053
6973.684882
24233.096304
24905.762941
0.000000
13063.749992
2191.033449
16397.407501
2767.207862
35.860758
7509.837816
0.000000
0.000000
12541.379981
0.000000
41.705356
0.000000
14768.409807
0.000000
151.669267
0.000000
0.000000
0.000000
10153.553080
1251.852761
0.000000
0.000000
15807.487519
224.127436
0.000000
7508.393313
0.000000
19018.019713
4930.958772
8057.576717
24351.047674
0.000000
0.000000
11959.879140
0.000000
0.000000
45820.748038
0.000000
1730.653322
0.000000
0.000000
0.000000
12610.422192
4665.186752
12308.328256
1859.192218
0.000000
2120.936319
17738.396133
6881.701293
230.296748
1061.145032
27233.961295
0.000000
19167.007480
60178.771436
0.000000
0.000000
2397.436309
318.595108
4720.069907
2507.265305
12685.314096
0.000000
0.000000
4222.245068
9796.122023
238579.114227
49793.957007
2744.487292
4102.531749
12528.828022
0.000000
10906.514707
0.000000
13045.033834
5302.982773
263248.568035
0.000000
5890.768160
0.000000
0.000000
0.000000
0.000000
0.000000
0.000000
6245.028453
21251.439629
20632.109316
0.000000
0.000000
0.000000
12944.863609
53284.086837
0.000000
9185.972609
11948.157924
0.000000
8076.744689
0.000000
0.000000
175051.565753
0.000000
0.000000
57511.442034
21851.103943
16874.253615
11793.182088
85735.730753
10577.500293
893346.349241
89.572236
0.000000
0.000000
0.000000
21016.751800
15243.583164
21357.630895
10767.112915
0.000000
7929.701857
25850.112449
0.000000
0.000000
11997.070649
44695.628291
18252.957674
45227.879447
7874.823890
0.000000
0.000000
55882.887332
11535.503909
0.000000
9547.861739
22269.126992
0.000000
7634.541457
0.000000
29305.972975
0.000000
4990.031848
0.000000
3167.706252
58378.793596
150821.634856
10100.125701
19301.682429
16018.990542
39709.056773
9359.888500
2472.855544
13980.677992
3269.839836
20772.900923
0.000000
35621.850296
64962.375414
101707.486033
26047.992831
10572.697062
4340.652510
56258.035207
21302.061595
8.426271
0.000000
10055.330936
0.000000
2089.853483
17276.477923
2400.561377
36423.789504
22056.928408
9769.618650
18209.920601
29016.349402
3207.162125
19552.412432
34589.336013
53814.393004
27872.005918
3616.779783
39859.095110
35311.507428
92856.478133
31979.195236
98153.191296
45123.358688
12443.165918
5363.478321
0.000000
14079.660449
0.000000
0.000000
2985.036496
35993.865613
77391.441851
9128.006268
37208.463280
63436.445040
17291.837646
20778.053161
0.000000
8498.301399
6237.869106
0.000000
16807.302497
47583.019745
1695.916447
19819.470586
0.000000
18097.410381
20857.012106
11063.262042
0.000000
4076.684501
0.000000
0.000000
0.000000
12609.802542
9575.569903
0.000000
0.000000
0.000000
7312.237163
0.000000
2425.933954
46012.735584
0.000000
33305.864249
5767.252318
0.000000
27363.693766
20513.391237
0.000000
116.796921
39627.526973
4393.930132
0.000000
19072.690938
30669.169378
7.290310
0.000000
0.000000
48137.878643
5458.718590
7944.865054
2658.803615
0.000000
768.288355
14858.236612
0.000000
56311.724508
0.000000
0.000000
3538.247996
0.000000
0.000000
15622.616885
0.000000
0.000000
8769.470495
11442.665634
0.000000
0.000000
11866.054427
12027.050979
2883.656009
17467.145417
0.000000
31301.371910
0.000000
0.000000
3783.976339
0.000000
4460.931087
1387.111571
0.000000
0.000000
8298.279484
0.000000
0.000000
0.000000
0.000000
16164.316704
0.000000
0.000000
0.000000
50997.693534
2932.388834
0.000000
0.000000
0.000000
0.000000
0.000000
0.000000
0.000000
65601.338845
37426.581863
3862.635315
0.000000
429.606357
0.000000
0.000000
5041.436026
163.635099
0.000000
4955.300609
0.000000
0.000000
3409.310164
0.000000
18868.721212
310442.395330
24699.436658
12583.691398
183722.864072
0.000000
29829.305017
142.956126
0.000000
0.000000
0.000000
0.000000
0.000000
0.000000
0.000000
7605.520554
24076.669310
2520.103793
37143.482481
957.712041
9703.873825
138736.838148
277.309868
0.000000
18.307795
72239.009720
5316.738031
0.000000
38846.353153
36522.852206
0.000000
0.000000
25269.851504
201174.886443
0.000000
36845.991350
0.000000
0.000000
43558.956301
12237.869920
0.000000
78249.547202
30698.980075
17861.427467
4729.389435
11215.941618
2432.298706
0.000000
0.000000
4536.606329
0.000000
0.000000
2457.298416
0.000000
34442.002849
144.297132
0.000000
0.000000
54831.543057
79118.554525
15902.098496
45287.245186
23683.190645
3221.162760
33831.532140
3708.639406
60955.730879
5995.221714
6807.955369
76868.152198
10248.143091
22195.266788
167.290261
16745.486767
14813.283112
6079.990183
40584.644612
21521.501716
2237.509393
6414.721226
9186.854904
26239.696652
18023.257883
75855.081562
7978.774238
36660.804831
14269.949441
30352.277434
23284.733564
29252.082778
67328.555098
53212.858666
11252.712066
26908.425253
2849.963107
9062.798501
24661.176293
3558.139888
0.000000
0.000000
0.000000
0.000000
6345.213891
18993.768309
13729.785308
0.000000
0.000000
0.000000
0.000000
0.000000
69342.697895
29795.041804
27419.117570
13685.678632
14511.698778
19773.769361
6679.535928
161180.366411
18088.057978
0.000000
117134.600967
3278.210380
0.000000
0.000000
40993.470992
16838.272335
4897.019107
0.000000
51804.199669
43001.662391
2547.845602
26921.776703
0.000000
9978.478205
10621.211192
0.000000
0.000000
7350.724103
9891.933827
97.540731
0.000000
0.000000
0.000000
0.000000
0.000000
0.000000
0.000000
0.000000
0.000000
1854.111201
2379.080166
293619.790241
65390.766604
43708.896948
48961.880342
31904.395010
2656.158347
19359.212537
11842.003966
18667.636077
3679.971956
4078.221610
12737.918436
0.000000
137299.181530
0.000000
57948.215092
17033.638443
23489.795711
11862.403077
5715.652527
155789.877432
0.000000
11405.999476
20068.385093
6313.090986
19128.054260
32424.429812
5305.454741
52569.626105
13899.874549
5579.457659
0.000000
0.000000
0.000000
0.000000
0.000000
0.000000
167784.604085
0.000000
28658.520828
0.000000
0.000000
0.000000
0.000000
0.000000
302.626260
12782.057783
30401.720296
0.000000
0.000000
0.000000
0.000000
22805.838326
47247.587107
32583.317658
0.000000
15304.462247
0.000000
0.000000
82140.171584
0.000000
0.000000
0.000000
600.218160
0.000000
0.000000
9334.895852
0.000000
13223.114818
6475.559005
0.000000
5805.363971
10213.673302
29154.624913
0.000000
3197.145808
841.118098
8100.353060
0.000000
0.000000
0.000000
0.000000
0.000000
0.000000
12833.151941
32675.947129
410.197715
2861.536904
0.000000
61812.091896
0.000000
0.000000
30791.946968
7461.210113
275184.702131
519.738532
15378.341469
8914.341233
37043.361113
0.000000
19044.909399
1369.825303
0.000000
987.456889
22749.744649
120137.785131
0.000000
41220.414923
7506.049340
3189.630169
0.000000
22523.262829
3555.649698
0.000000
2380.530720
0.000000
0.000000
0.000000
0.000000
11299.530589
0.000000
0.000000
6043.935897
0.000000
8426.536551
22138.002352
16822.459633
10956.534502
5427.223579
0.000000
0.000000
76038.230424
0.000000
0.000000
14494.986705
16500.798270
0.000000
0.000000
0.000000
0.000000
7.648228
0.000000
0.000000
40879.625961
4833.406540
14679.316032
18448.627719
2190.151388
140376.357471
0.000000
0.000000
0.000000
0.000000
0.000000
3349.110303
0.000000
0.000000
5747.637710
5725.332234
890.387024
0.000000
30949.194139
118010.388050
34123.739639
72978.082932
8459.949417
9478.385642
4678.599237
28973.596206
195148.130981
0.000000
10180.600006
64003.160090
0.000000
0.000000
7866.168878
12555.798353
0.000000
2402.616846
0.000000
0.000000
0.000000
0.000000
0.000000
0.000000
0.000000
0.000000
0.000000
13187.802903
0.000000
0.000000
0.000000
0.000000
0.000000
45092.226738
105694.640561
0.000000
0.000000
8020.057561
2445.169067
55.874680
25231.422408
2073.982109
0.000000
2495.662589
5122.644402
65644.438638
98525.574721
0.000000
0.000000
0.000000
5.463254
4161.277954
0.000000
154.366805
0.000000
0.000000
5633.535301
0.000000
0.000000
0.000000
364.082968
115206.903285
37222.442829
2647.009828
94737.696753
9058.808896
13884.080064
7854.929305
166.231867
16205.519888
2353.484711
30335.067385
0.000000
0.000000
68971.773344
11924.057429
91405.291379
5183.833572
12724.331815
0.000000
0.000000
2434.327567
2839.213777
1090.631600
4104.760799
0.000000
0.000000
25.076015
4189.970039
0.000000
26089.817048
7031.265176
0.000000
0.000000
0.000000
0.000000
0.000000
61.290953
0.000000
9726.650590
0.000000
0.000000
0.000000
0.000000
7824.424530
12278.421769
0.000000
0.000000
0.000000
9992.871089
0.000000
0.000000
0.000000
11550.706681
4184.031146
18867.389653
32100.813755
34373.485465
11.051229
37822.587389
6562.808327
0.000000
1584.228756
0.000000
0.000000
0.000000
0.000000
0.000000
0.000000
0.000000
2337.488648
0.000000
0.000000
28763.245905
75231.874221
10388.062190
0.000000
125596.824741
14464.939517
0.000000
30904.909745
0.000000
0.000000
170.177831
0.000000
0.000000
0.000000
0.000000
8152.488407
0.000000
5940.556155
8136.400927
15575.480610
13884.500971
15662.183158
5204.545717
4867.835260
4106.225110
15216.647551
201.894538
8460.084267
102488.632065
9577.724018
2608.694609
5003.859885
0.000000
900.595443
10447.661301
1863.500965
0.000000
2467.540857
0.000000
45392.234875
44681.387044
0.000000
796.855329
23.699074
21.207701
370.667741
2073.010822
395.573886
0.000000
14425.602042
3779.485092
23.782573
11781.763977
9629.005766
0.000000
38814.308500
98224.427651
11873.851606
139834.959515
44676.340123
15753.860439
31682.209989
0.000000
30229.275678
0.000000
0.000000
2984.712837
8580.370945
33796.300632
18334.336559
0.000000
286.389997
795.838467
0.000000
2375.352612
19034.094113
10039.295132
1187.529784
0.000000
59849.096981
41676.823927
0.000000
0.000000
0.000000
3859.722124
0.000000
2464.042709
73.109323
0.000000
0.000000
735.620369
0.000000
47.806593
0.000000
0.000000
0.000000
35041.459841
15019.079940
0.000000
0.000000
27091.753374
169.245383
4224.118639
0.000000
0.000000
12286.680931
0.000000
0.000000
0.000000
0.000000
0.000000
0.000000
15437.104692
2944.779840
10364.418818
8570.629145
14284.039326
18336.000480
218.393215
7542.534224
0.000000
13194.865697
1766.952500
4646.446013
0.000000
16702.271366
5017.631789
457.093856
14352.161368
6921.663335
43638.402911
12036.181300
1514.573041
7723.375053
20258.575239
12019.996224
9861.080149
0.000000
86.060992
0.000000
0.000000
6699.325062
0.000000
0.000000
0.000000
29220.575111
0.000000
0.000000
1445.426298
27973.004091
0.000000
0.000000
27990.822514
0.000000
0.000000
12592.868200
0.000000
0.000000
0.000000
17745.927990
11237.366264
0.000000
9956.606903
26065.216202
47485.120535
0.000000
0.000000
28917.604557
22587.036539
0.000000
3384.647579
7118.530652
0.000000
0.000000
0.000000
0.000000
0.000000
0.000000
2332.702966
117.461659
0.000000
0.000000
5361.961804
0.000000
8857.733252
0.000000
0.000000
0.000000
0.000000
0.000000
7397.942817
48783.644441
17117.446575
1406.910590
15.242577
2805.878241
6317.682024
37608.666110
17247.283388
17549.497106
5766.502727
0.000000
6834.990317
777.485395
7162.917983
8904.145420
7243.071237
0.000000
0.000000
3444.516358
15.429476
16487.988919
0.000000
20995.600902
58.946264
0.000000
0.000000
0.000000
0.000000
5238.554147
25847.641989
7510.161552
10372.653637
0.000000
4230.058432
0.000000
0.000000
0.000000
96.236742
0.000000
0.000000
0.000000
10592.108565
12373.928545
0.000000
0.000000
0.000000
0.000000
0.000000
25926.120150
30591.895472
1007.257979
8.181505
11409.955624
0.000000
0.000000
1207.235524
0.000000
0.000000
2411.082100
1021.479356
13169.973392
0.000000
0.000000
948.590418
2609.072069
268.140267
0.000000
28.675260
0.000000
0.000000
0.000000
0.000000
4865.992241
7970.469903
2356.120733
4478.667918
3244.375163
0.000000
19992.851387
14944.658419
666.936094
622.914242
11511.292930
50991.590562
0.000000
0.000000
0.000000
0.000000
0.000000
0.000000
0.000000
399.710372
35.114937
0.000000
11590.336172
19953.911305
0.000000
0.000000
0.000000
0.000000
0.000000
0.000000
0.000000
516.693606
37.976766
0.000000
91713.008651
0.000000
0.000000
0.000000
37.233076
0.000000
35530.219406
27.624751
9332.970145
42.095294
2217.875083
0.000000
0.000000
349.253734
24.629496
0.000000
0.000000
199.389884
0.000000
0.000000
0.000000
668.866321
0.000000
0.000000
0.000000
0.000000
0.000000
0.000000
0.000000
0.000000
0.000000
4738.098411
0.000000
16636.852161
33403.943464
8326.617259
12299.043078
5457.668948
17861.631810
0.000000
0.000000
0.000000
78.353133
0.000000
0.000000
162.900003
6330.294336
6055.697175
0.000000
24246.412146
0.000000
8925.874893
0.000000
0.000000
0.000000
0.000000
0.000000
4770.508479
15242.444538
0.000000
0.000000
0.000000
0.000000
0.000000
10836.782104
12753.152463
41088.044583
1809.743288
1651.794208
0.000000
0.000000
25.945044
0.000000
0.000000
0.000000
0.000000
0.000000
0.083333
25419.196189
0.000000
0.000000
0.000000
0.000000
0.000000
0.000000
0.000000
98.397615
0.000000
0.000000
0.000000
0.000000
0.000000
7307.804715
0.000000
0.000000
0.000000
0.000000
0.000000
0.000000
0.000000
0.000000
0.000000
2715.505643
2399.770894
27.451199
2379.129341
0.000000
0.000000
1988.339086
0.000000
0.000000
0.000000
0.000000
0.000000
0.000000
0.000000
0.000000
0.000000
23969.911003
0.000000
0.000000
0.000000
0.000000
1208.080394
0.000000
0.000000
0.000000
0.000000
0.000000
0.000000
0.000000
0.000000
0.000000
0.000000
11576.106224
42477.208871
0.000000
0.000000
0.000000
2277.387988
9428.599262
0.000000
0.000000
311.561616
0.000000
0.000000
0.000000
0.000000
0.000000
0.000000
12410.569261
0.000000
0.000000
0.000000
33.411283
0.000000
14342.688054
0.000000
0.000000
0.000000
0.000000
0.000000
540.339566
41037.558086
9022.348548
0.000000
0.000000
0.000000
0.000000
0.000000
0.000000
0.000000
0.000000
8646.732150
0.000000
10859.048130
13414.597122
0.000000
0.000000
4892.207359
141.073364
0.000000
14638.986008
34581.921371
31050.416861
24021.205475
6576.421286
5217.483306
87.040348
0.000000
0.000000
0.000000
7.115959
10895.085076
2663.057121
2322.815955
731.982285
189.420955
591.724528
0.000000
13782.607637
19.774526
2415.868509
99282.651123
0.000000
28441.004603
9610.298955
0.000000
1141.760331
7811.540597
0.000000
0.000000
0.000000
0.000000
0.000000
28406.458852
4132.506767
0.000000
0.000000
50324.203689
4820.379339
0.000000
0.000000
0.000000
13.105162
7067.616834
198.379865
5073.239664
228.433454
0.000000
0.000000
0.000000
0.000000
0.000000
0.000000
0.000000
0.000000
0.000000
0.000000
36.316780
2599.832101
0.000000
0.000000
0.000000
0.000000
6579.040414
0.000000
0.000000
0.000000
0.000000
2331.481790
0.000000
0.000000
0.000000
0.000000
0.000000
0.000000
18739.356594
5012.373233
0.000000
0.000000
3298.167825
338.374855
0.000000
0.000000
0.000000
0.000000
0.000000
0.000000
0.000000
0.000000
0.000000
0.000000
0.000000
0.000000
0.000000
3212.812879
0.000000
0.000000
0.000000
0.000000
0.000000
0.000000
0.000000
0.000000
0.000000
0.000000
19384.047662
0.000000
0.000000
0.000000
18817.862860
201.799413
8429.379521
0.000000
6875.450702
0.000000
0.000000
0.000000
0.000000
0.000000
0.000000
0.000000
0.000000
0.000000
12611.935829
2424.870509
0.000000
12265.067673
4020.088509
0.000000
0.000000
33705.168937
0.000000
0.000000
0.000000
0.000000
0.000000
0.000000
0.000000
0.000000
0.000000
0.000000
0.000000
21760.692568
16503.308493
5990.068044
8137.684083
21792.407025
0.000000
7774.005431
0.000000
7928.041954
4808.349410
3664.702103
3871.860849
0.000000
4660.415607
26.474938
0.000000
30854.441422
2386.650925
0.000000
0.000000
0.000000
244.036819
67282.074376
5168.978235
0.000000
0.000000
0.000000
0.000000
0.000000
0.000000
0.000000
0.000000
0.000000
0.000000
0.000000
0.000000
0.000000
0.000000
0.000000
0.000000
0.000000
0.000000
0.000000
0.000000
0.000000
0.000000
0.000000
0.000000
5656.411201
1.250000
0.000000
4167.385857
0.000000
23.511307
0.000000
25.765575
1564.745982
0.000000
12555.356407
13207.821951
7551.164099
0.000000
0.000000
35048.262871
0.000000
3613.473420
14522.894720
2366.948862
3540.751012
0.000000
4801.174635
0.000000
0.000000
9736.061997
7274.634379
0.000000
0.000000
4416.368073
0.000000
0.000000
0.000000
2505.768025
38.669284
2379.339938
0.000000
2348.346522
1208.111807
0.000000
0.000000
0.000000
0.000000
0.000000
2422.753762
0.000000
0.000000
0.000000
0.000000
0.000000
41122.090227
0.000000
0.000000
0.000000
15951.831145
8343.175517
0.000000
14208.468364
0.000000
14662.796814
0.000000
20052.667807
39.285516
2337.567868
0.000000
0.000000
0.000000
0.000000
0.000000
0.000000
0.000000
0.000000
358.575136
0.000000
0.000000
50360.440729
0.000000
0.000000
2813.841316
11426.345088
5790.561316
0.000000
0.000000
0.000000
2237.237364
9501.782417
7078.386580
0.000000
0.000000
0.000000
0.000000
0.000000
115.594371
0.000000
0.000000
0.000000
0.000000
0.000000
0.000000
0.000000
0.000000
0.000000
0.000000
0.000000
0.000000
0.000000
0.000000
0.000000
0.000000
0.000000
0.000000
0.000000
0.000000
0.000000
0.000000
0.000000
0.000000
0.000000
0.000000
0.000000
0.000000
0.000000
0.000000
0.000000
0.000000
0.000000
0.000000
0.000000
0.000000
0.000000
0.000000
0.000000
0.000000
1982.568291
0.000000
0.000000
0.000000
0.000000
0.000000
0.000000
0.000000
0.000000
0.000000
0.000000
0.000000
0.000000
0.000000
0.000000
0.000000
0.000000
0.000000
0.000000
0.000000
0.000000
11456.668055
0.000000
12423.381072
2755.767595
0.000000
0.000000
0.000000
0.000000
0.000000
0.000000
0.000000
0.000000
123.989586
0.000000
0.000000
0.000000
0.000000
0.000000
0.000000
0.000000
7135.334604
0.000000
0.000000
0.000000
0.000000
0.000000
0.000000
0.000000
0.000000
0.000000
0.000000
0.000000
15487.678476
19323.168684
2400.171709
0.000000
0.000000
0.000000
0.000000
0.000000
0.000000
0.000000
0.000000
0.000000
0.000000
0.000000
0.000000
0.000000
0.000000
0.000000
0.000000
0.000000
0.000000
0.000000
0.000000
0.000000
0.000000
0.000000
0.000000
0.000000
0.000000
0.000000
0.000000
0.000000
0.000000
0.000000
11466.815709
1416.456723
0.000000
0.000000
0.000000
0.000000
0.000000
0.000000
0.000000
0.000000
0.000000
0.000000
0.000000
0.000000
119.565877
0.000000
0.000000
0.000000
0.000000
0.000000
0.000000
0.000000
2602.374761
8992.055511
0.000000
0.000000
0.000000
0.000000
0.000000
0.000000
0.000000
0.000000
0.000000
0.000000
0.000000
0.000000
0.000000
0.000000
0.000000
0.000000
0.000000
0.000000
0.000000
0.000000
0.000000
4727.105478
0.000000
0.000000
0.000000
0.000000
0.000000
0.000000
0.000000
0.000000
0.000000
0.000000
0.000000
0.000000
1.656923
652.924865
0.000000
0.000000
0.000000
5355.738732
0.000000
106.389744
0.000000
0.000000
28429.007447
0.000000
0.000000
0.000000
0.000000
0.000000
0.000000
0.000000
14693.378821
6396.972288
2411.215100
1301.567244
11933.226591
2242.816095
117.296216
4904.502058
7050.087344
60392.225964
0.000000
12588.013348
503.682884
7478.281862
4813.908302
13.713517
8993.584877
0.000000
0.000000
0.000000
0.000000
13481.563697
17847.424733
0.000000
2580.102036
2459.439237
0.000000
30.632698
0.000000
761.097406
0.000000
0.000000
1073.449068
0.000000
0.000000
0.000000
0.000000
72.874702
0.000000
0.000000
4.032917
0.000000
31662.262480
0.000000
0.000000
0.000000
0.000000
3268.980561
0.000000
886.959911
0.000000
5171.662471
6077.759456
0.000000
0.000000
0.000000
0.000000
0.000000
0.000000
0.000000
0.000000
5185.068126
0.000000
0.000000
0.000000
19944.090444
201818.306272
12287.755593
4704.387353
10.512097
0.000000
1534.514044
21487.601654
24739.406674
0.000000
537.151937
0.000000
0.000000
15642.987664
7098.622198
0.000000
0.000000
0.000000
16168.410215
5219.992246
18.724115
1205.018759
0.000000
0.000000
14541.656150
0.000000
22770.965543
0.000000
0.000000
0.000000
0.000000
0.000000
0.000000
0.000000
0.000000
0.000000
0.000000
0.000000
882.790223
922.770766
1004.827128
0.000000
0.000000
0.000000
0.000000
3734.021560
0.000000
0.000000
0.000000
0.000000
0.000000
0.000000
0.000000
0.000000
0.000000
0.000000
0.000000
0.000000
0.000000
0.000000
0.000000
0.000000
0.000000
0.000000
0.000000
0.000000
0.000000
0.000000
33.157051
0.000000
0.000000
31.620323
0.000000
9.572890
0.000000
0.000000
0.000000
0.000000
0.000000
0.000000
0.000000
0.000000
0.000000
0.000000
0.000000
0.000000
0.000000
0.000000
0.000000
0.000000
0.000000
0.000000
0.000000
0.000000
0.000000
0.000000
607.316342
142.095968
0.000000
0.000000
41.663833
0.000000
0.000000
0.000000
0.000000
0.000000
0.000000
0.000000
0.000000
0.000000
0.000000
0.000000
0.000000
0.000000
0.000000
0.000000
887.947623
0.000000
0.000000
0.000000
0.000000
0.000000
0.000000
0.000000
0.000000
0.000000
0.000000
0.000000
0.000000
0.000000
0.000000
0.000000
0.000000
33.857537
0.000000
0.000000
0.000000
0.000000
0.000000
0.000000
0.000000
0.000000
0.000000
0.000000
0.000000
0.000000
0.000000
0.000000
0.000000
0.000000
0.000000
0.000000
0.000000
8.740759
2509.702603
0.000000
0.000000
0.000000
0.000000
0.000000
0.000000
0.000000
0.000000
0.000000
0.000000
0.000000
0.000000
0.000000
0.000000
0.000000
0.000000
0.000000
0.000000
0.000000
0.000000
6286.065415
78.520538
56.654234
0.000000
0.000000
0.000000
0.000000
0.000000
0.000000
0.000000
0.000000
4.231762
393.949938
0.000000
34.414291
0.000000
0.000000
0.000000
0.000000
0.000000
0.000000
0.000000
0.000000
0.000000
0.000000
843.965355
0.000000
0.000000
0.000000
0.000000
0.000000
0.000000
0.000000
0.000000
0.000000
0.000000
0.000000
0.000000
0.000000
4526.096151
4609.711982
0.000000
105.202472
0.000000
0.000000
0.000000
0.000000
0.000000
0.000000
0.000000
0.000000
0.000000
0.000000
437.325235
0.000000
0.000000
0.000000
0.000000
0.000000
0.000000
0.000000
0.000000
0.000000
8177.025173
2406.099410
0.000000
0.000000
0.000000
0.000000
0.000000
0.000000
0.000000
0.000000
0.000000
0.000000
0.000000
0.000000
0.000000
0.000000
0.000000
0.000000
0.000000
0.000000
0.000000
0.000000
0.000000
0.000000
0.000000
0.000000
0.000000
67.656997
9938.572837
0.000000
1382.973544
5.219391
0.000000
0.000000
0.000000
0.000000
0.000000
0.000000
0.000000
0.000000
0.000000
0.000000
0.000000
0.000000
0.000000
0.000000
0.000000
0.000000
0.000000
0.000000
0.000000
0.000000
3637.745876
0.000000
0.000000
0.000000
0.000000
73.863993
63.549863
0.000000
0.000000
0.000000
0.000000
19.272140
0.000000
0.000000
0.000000
0.000000
0.000000
0.000000
2316.341394
9.044698
0.000000
0.000000
0.000000
0.000000
0.000000
0.000000
0.000000
0.000000
0.000000
0.000000
0.000000
0.000000
0.000000
1497.670576
0.000000
0.000000
4817.161838
0.000000
0.000000
0.000000
0.000000
0.000000
0.000000
0.000000
0.000000
0.000000
0.000000
0.000000
0.000000
0.000000
0.000000
0.000000
0.000000
0.000000
0.000000
0.000000
0.000000
0.000000
0.000000
0.000000
0.000000
0.000000
0.000000
0.000000
0.000000
0.000000
0.000000
0.000000
0.000000
0.000000
0.000000
0.000000
0.000000
0.000000
0.000000
0.000000
0.000000
0.000000
0.000000
0.000000
0.000000
0.000000
0.000000
0.000000
0.000000
0.000000
0.000000
0.000000
0.000000
0.000000
0.000000
0.000000
8.850719
0.000000
0.000000
0.000000
0.000000
0.000000
0.000000
0.000000
0.000000
0.000000
0.000000
0.000000
0.000000
0.000000
0.000000
0.000000
0.000000
0.000000
0.000000
0.000000
0.000000
0.000000
0.000000
0.000000
0.000000
0.000000
0.000000
0.000000
0.000000
0.000000
0.000000
0.000000
9159.066936
2156.526037
187.730208
0.000000
0.000000
0.000000
0.000000
0.000000
0.000000
0.000000
0.000000
0.000000
0.000000
0.000000
0.000000
0.000000
0.000000
0.000000
0.000000
0.000000
0.000000
0.000000
0.000000
0.000000
0.000000
0.000000
0.000000
0.000000
0.000000
0.000000
0.000000
0.000000
0.000000
0.000000
0.000000
0.000000
0.000000
0.000000
0.000000
0.000000
0.000000
0.000000
0.000000
0.000000
0.000000
0.000000
0.000000
0.000000
0.000000
0.000000
0.000000
1118.723600
0.000000
0.000000
0.000000
5264.451292
0.000000
0.000000
0.000000
0.000000
0.000000
0.000000
0.000000
0.000000
0.000000
0.000000
0.000000
0.000000
0.000000
0.000000
0.000000
0.000000
0.000000
0.000000
0.000000
0.000000
0.000000
0.000000
0.000000
0.000000
0.000000
0.000000
0.000000
0.000000
0.000000
0.000000
0.000000
0.000000
0.000000
0.000000
0.000000
0.000000
0.000000
0.000000
0.000000
0.000000
0.000000
0.000000
0.000000
0.000000
0.000000
0.000000
0.000000
0.000000
0.000000
0.000000
0.000000
0.000000
0.000000
0.000000
0.000000
0.000000
0.000000
0.000000
0.000000
0.000000
0.000000
0.000000
6.566001
0.000000
3.920568
0.000000
0.000000
0.000000
0.000000
0.000000
0.000000
0.000000
0.000000
0.000000
0.000000
0.000000
0.000000
0.000000
0.000000
0.000000
2264.219343
0.000000
0.000000
0.000000
0.000000
0.000000
0.000000
0.000000
346.686100
0.000000
0.000000
0.000000
0.000000
0.000000
0.000000
0.000000
0.000000
0.000000
0.000000
0.000000
0.000000
0.000000
0.000000
0.000000
0.000000
0.000000
0.000000
415.068552
0.000000
169.529276
0.000000
114.941305
0.000000
0.000000
0.000000
0.000000
0.000000
0.000000
0.000000
0.000000
0.000000
0.000000
0.000000
0.000000
0.000000
0.000000
0.000000
0.000000
0.000000
0.000000
0.000000
0.000000
0.000000
0.000000
0.000000
0.000000
0.000000
0.000000
0.000000
0.000000
0.000000
0.000000
0.000000
0.000000
0.000000
0.000000
0.000000
0.000000
0.000000
0.000000
0.000000
0.000000
0.000000
0.000000
0.000000
0.000000
0.000000
0.000000
0.000000
0.000000
0.000000
0.000000
0.000000
0.000000
0.000000
0.000000
0.000000
0.000000
0.000000
0.000000
0.000000
0.000000
0.000000
0.000000
0.000000
0.000000
0.000000
0.000000
0.000000
0.000000
0.000000
0.000000
0.000000
0.000000
0.000000
0.000000
16785.728225
0.000000
0.000000
0.000000
0.000000
0.000000
0.000000
0.000000
0.000000
0.000000
0.000000
0.000000
0.000000
0.000000
185.383408
0.000000
0.000000
0.000000
0.000000
0.000000
0.000000
0.000000
0.000000
0.000000
0.000000
0.000000
0.000000
0.000000
0.000000
0.000000
0.000000
0.000000
0.000000
0.000000
0.000000
0.000000
0.000000
0.000000
0.000000
0.000000
0.000000
0.000000
0.000000
0.000000
0.000000
0.000000
0.000000
0.000000
0.000000
0.000000
0.000000
0.000000
0.000000
0.000000
0.000000
0.000000
0.000000
0.000000
0.000000
0.000000
0.000000
0.000000
24.080238
0.000000
0.000000
0.000000
0.000000
0.000000
0.000000
0.000000
0.000000
0.000000
0.000000
0.000000
0.000000
0.000000
0.000000
15.352666
0.000000
0.000000
0.000000
0.000000
0.000000
2347.024378
0.000000
137.192985
0.000000
0.000000
0.000000
0.000000
0.000000
0.000000
0.000000
0.000000
0.000000
0.000000
0.000000
0.000000
0.000000
0.000000
0.000000
0.000000
0.000000
0.000000
0.000000
0.000000
0.000000
0.000000
0.000000
0.000000
0.000000
0.000000
0.000000
0.000000
0.000000
26.125709
0.000000
0.000000
0.000000
0.000000
0.000000
0.000000
0.000000
0.000000
0.000000
0.000000
0.000000
0.000000
0.000000
0.000000
0.000000
0.000000
0.000000
0.000000
0.000000
0.000000
0.000000
0.000000
0.000000
0.000000
0.000000
0.000000
0.000000
0.000000
0.000000
0.000000
0.000000
0.000000
0.000000
0.000000
0.000000
0.000000
0.000000
0.000000
0.000000
0.000000
0.000000
0.000000
0.000000
0.000000
0.000000
0.000000
0.000000
0.000000
0.000000
0.000000
0.000000
0.000000
0.000000
0.000000
0.000000
0.000000
0.000000
0.000000
0.000000
0.000000
0.000000
0.000000
0.000000
0.000000
0.000000
0.000000
0.000000
0.000000
0.000000
0.000000
0.000000
0.000000
0.000000
0.000000
0.000000
0.000000
0.000000
0.000000
0.000000
0.000000
0.000000
0.000000
0.000000
0.000000
0.000000
0.000000
0.000000
0.000000
0.000000
0.000000
0.000000
0.000000
0.000000
0.000000
0.000000
0.000000
0.000000
0.000000
0.000000
0.000000
0.000000
0.000000
0.000000
0.000000
0.000000
0.000000
0.000000
0.000000
0.000000
0.000000
0.000000
0.000000
0.000000
0.000000
0.000000
0.000000
0.000000
0.000000
0.000000
0.000000
0.000000
0.000000
0.000000
0.000000
0.000000
0.000000
0.000000
0.000000
33.661406
0.000000
0.000000
0.000000
0.000000
0.000000
0.000000
0.000000
0.000000
0.000000
0.000000
0.000000
0.000000
0.000000
0.000000
0.000000
0.000000
0.000000
0.000000
0.000000
0.000000
0.000000
0.000000
0.000000
0.000000
0.000000
0.000000
0.000000
0.000000
0.000000
0.000000
0.000000
0.000000
0.000000
0.000000
0.000000
0.000000
0.000000
0.000000
0.000000
0.000000
0.000000
0.000000
0.000000
0.000000
0.000000
0.000000
0.000000
2653.745910
0.000000
0.000000
0.000000
0.000000
0.000000
0.000000
0.000000
0.000000
0.000000
0.000000
0.000000
0.000000
0.000000
0.000000
0.000000
0.000000
0.000000
0.000000
0.000000
0.000000
0.000000
0.000000
0.000000
0.000000
0.000000
0.000000
0.000000
0.000000
0.000000
0.000000
0.000000
0.000000
0.000000
0.000000
0.000000
0.000000
0.000000
0.000000
0.000000
0.000000
0.000000
0.000000
0.000000
0.000000
0.000000
0.000000
0.000000
0.000000
0.000000
0.000000
0.000000
0.000000
0.000000
0.000000
0.000000
0.000000
0.000000
0.000000
0.000000
0.000000
0.000000
0.000000
0.000000
0.000000
0.000000
0.000000
0.000000
0.000000
0.000000
0.000000
0.000000
0.000000
0.000000
0.000000
0.000000
0.000000
0.000000
0.000000
0.000000
0.000000
0.000000
0.000000
0.000000
0.000000
0.000000
0.000000
0.000000
0.000000
483.580338
0.000000
0.000000
0.000000
0.000000
0.000000
0.000000
0.000000
379.784358
0.000000
0.000000
0.000000
0.000000
0.000000
0.000000
0.000000
0.000000
0.000000
5642.394683
0.000000
0.000000
0.000000
0.000000
0.000000
0.000000
0.000000
0.000000
0.000000
0.000000
0.000000
0.000000
0.000000
0.000000
0.000000
0.000000
0.000000
0.000000
0.000000
0.000000
0.000000
0.000000
0.000000
0.000000
0.000000
0.000000
0.000000
0.000000
0.000000
630.987624
0.000000
0.000000
0.000000
0.000000
0.000000
0.000000
0.000000
0.000000
0.000000
0.000000
0.000000
0.000000
2316.000000
0.000000
0.000000
0.000000
2443.201222
0.000000
0.000000
0.000000
0.000000
0.000000
0.000000
0.000000
2675.485358
0.000000
0.000000
0.000000
0.000000
0.000000
0.000000
0.000000
0.000000
0.000000
0.000000
0.000000
0.000000
0.000000
0.000000
0.000000
0.000000
0.000000
0.000000
0.000000
0.000000
0.000000
0.000000
0.000000
0.000000
0.000000
0.000000
0.000000
0.000000
0.000000
0.000000
0.000000
0.000000
0.000000
0.000000
0.000000
0.000000
0.000000
0.000000
0.000000
0.000000
0.000000
0.000000
0.000000
0.000000
0.000000
0.000000
0.000000
0.000000
0.000000
0.000000
0.000000
0.000000
0.000000
0.000000
0.000000
0.000000
0.000000
0.000000
0.000000
0.000000
0.000000
0.000000
0.000000
0.000000
0.000000
0.000000
0.000000
0.000000
0.000000
0.000000
0.000000
0.000000
0.000000
0.000000
0.000000
0.000000
0.000000
0.000000
0.000000
0.000000
0.000000
0.000000
0.000000
0.000000
0.000000
0.000000
0.000000
0.000000
0.000000
0.000000
0.000000
0.000000
0.000000
0.000000
0.000000
0.000000
0.000000
0.000000
0.000000
0.000000
0.000000
0.000000
0.000000
0.000000
0.000000
0.000000
0.000000
0.000000
0.000000
0.000000
0.000000
0.000000
0.000000
0.000000
0.000000
0.000000
0.000000
0.000000
0.000000
0.000000
0.000000
0.000000
0.000000
0.000000
0.000000
0.000000
0.000000
0.000000
0.000000
0.000000
0.000000
0.000000
0.000000
0.000000
4798.644596
0.000000
0.000000
0.000000
0.000000
21.512862
0.000000
0.000000
0.000000
0.000000
10.923098
0.000000
0.000000
0.000000
857.274427
0.000000
0.000000
0.000000
0.000000
0.000000
0.000000
0.000000
0.000000
1.236111
0.000000
0.000000
0.000000
0.000000
0.000000
0.000000
0.000000
3577.644023
0.000000
0.000000
0.000000
0.000000
0.000000
0.000000
0.000000
0.000000
0.000000
2170.113276
0.000000
0.000000
0.000000
0.000000
0.000000
0.000000
0.000000
0.000000
0.000000
0.000000
0.000000
0.000000
0.000000
0.000000
0.000000
0.000000
0.000000
0.000000
0.000000
0.000000
0.000000
0.000000
0.000000
0.000000
0.000000
0.000000
0.000000
0.000000
0.000000
0.000000
0.000000
0.000000
0.000000
0.000000
0.000000
0.000000
0.000000
0.000000
0.000000
0.000000
0.000000
0.000000
0.000000
0.000000
0.000000
0.000000
0.000000
0.000000
0.000000
0.000000
0.000000
0.000000
0.000000
0.000000
0.000000
0.000000
0.000000
0.000000
0.000000
0.000000
0.000000
0.000000
0.000000
0.000000
0.000000
0.000000
0.000000
0.000000
0.000000
0.000000
0.000000
0.000000
0.000000
0.000000
0.000000
0.000000
0.000000
0.000000
0.000000
0.000000
0.000000
0.000000
0.000000
0.000000
0.000000
0.000000
0.000000
0.000000
0.000000
0.000000
0.000000
0.000000
0.000000
0.000000
0.000000
0.000000
0.000000
0.000000
0.000000
0.000000
0.000000
0.000000
0.000000
0.000000
0.000000
0.000000
0.000000
0.000000
0.000000
0.000000
0.000000
0.000000
0.000000
5159.106270
0.000000
0.000000
0.000000
0.000000
0.000000
0.000000
0.000000
0.000000
0.000000
0.000000
0.000000
0.000000
1325.235344
0.000000
0.000000
0.000000
0.000000
0.000000
0.000000
0.000000
0.000000
0.000000
0.000000
0.000000
0.000000
0.000000
0.000000
0.000000
0.000000
0.000000
0.000000
0.000000
0.000000
0.000000
0.000000
0.000000
0.000000
0.000000
0.000000
0.000000
0.000000
0.000000
0.000000
0.000000
0.000000
0.000000
0.000000
0.000000
0.000000
0.000000
0.000000
0.000000
0.000000
38.163954
0.000000
0.000000
0.000000
0.000000
0.000000
0.000000
0.000000
0.000000
0.000000
0.000000
0.000000
0.000000
0.000000
0.000000
0.000000
0.000000
0.000000
0.000000
0.000000
0.000000
0.000000
0.000000
0.000000
0.000000
0.000000
0.000000
0.000000
0.000000
0.000000
0.000000
0.000000
0.000000
0.000000
0.000000
0.000000
0.000000
0.000000
0.000000
0.000000
0.000000
0.000000
0.000000
0.000000
0.000000
0.000000
0.000000
0.000000
0.000000
0.000000
0.000000
0.000000
0.000000
0.000000
0.000000
0.000000
0.000000
0.000000
0.000000
37.492648
652.693887
0.000000
278.219121
0.000000
48.212673
5164.555698
0.000000
0.000000
0.000000
0.000000
0.000000
0.000000
0.000000
0.000000
0.000000
0.000000
0.000000
0.000000
0.000000
0.000000
0.000000
0.000000
0.000000
0.000000
0.000000
0.000000
0.000000
0.000000
0.000000
0.000000
0.000000
0.000000
0.000000
0.000000
0.000000
0.000000
0.000000
0.000000
0.000000
0.000000
3.165399
0.000000
0.000000
0.000000
0.000000
0.000000
0.000000
0.000000
0.000000
0.000000
0.000000
0.000000
0.000000
0.000000
0.000000
0.000000
0.000000
0.000000
0.000000
0.000000
0.000000
0.000000
0.000000
0.000000
0.000000
0.000000
0.000000
0.000000
0.000000
0.000000
0.000000
0.000000
0.000000
0.000000
0.000000
0.000000
0.000000
0.000000
0.000000
0.000000
0.000000
0.000000
0.000000
0.000000
0.000000
0.000000
0.000000
0.000000
0.000000
0.000000
0.000000
0.000000
0.000000
0.000000
0.000000
0.000000
0.000000
0.000000
0.000000
0.000000
0.000000
0.000000
0.000000
0.000000
0.000000
0.000000
0.000000
0.000000
0.000000
0.000000
0.000000
0.000000
0.000000
0.000000
0.000000
0.000000
0.000000
0.000000
0.000000
0.000000
0.000000
0.000000
0.000000
0.000000
0.000000
0.000000
0.000000
0.000000
0.000000
0.000000
0.000000
0.000000
0.000000
0.000000
0.000000
0.000000
0.000000
0.000000
0.000000
0.000000
0.000000
0.000000
0.000000
0.000000
0.000000
0.000000
0.000000
0.000000
0.000000
0.000000
0.000000
0.000000
0.000000
0.000000
0.000000
0.000000
0.000000
0.000000
0.000000
0.000000
0.000000
0.000000
0.000000
0.000000
0.000000
0.000000
0.000000
0.000000
0.000000
0.000000
0.000000
0.000000
0.000000
0.000000
0.000000
0.000000
0.000000
0.000000
0.000000
0.000000
0.000000
0.000000
0.000000
0.000000
0.000000
0.000000
0.000000
0.000000
0.000000
0.000000
0.000000
0.000000
0.000000
0.000000
0.000000
0.000000
0.000000
0.000000
0.000000
0.000000
0.000000
0.000000
0.000000
0.000000
0.000000
0.000000
0.000000
0.000000
0.000000
0.000000
0.000000
0.000000
0.000000
0.000000
0.000000
0.000000
0.000000
0.000000
0.000000
0.000000
0.000000
0.000000
0.000000
0.000000
0.000000
0.000000
0.000000
0.000000
0.000000
0.000000
0.000000
0.000000
0.000000
0.000000
0.000000
0.000000
0.000000
0.000000
0.000000
0.000000
0.000000
0.000000
0.000000
0.000000
0.000000
0.000000
0.000000
0.000000
0.000000
0.000000
0.000000
0.000000
0.000000
0.000000
0.000000
0.000000
0.000000
0.000000
0.000000
0.000000
0.000000
0.000000
0.000000
0.000000
0.000000
0.000000
0.000000
0.000000
0.000000
0.000000
0.000000
0.000000
0.000000
0.000000
0.000000
0.000000
0.000000
0.000000
0.000000
0.000000
0.000000
0.000000
0.000000
0.000000
0.000000
0.000000
0.000000
0.000000
0.000000
0.000000
0.000000
0.000000
0.000000
0.000000
0.000000
0.000000
0.000000
0.000000
0.000000
0.000000
0.000000
0.000000
0.000000
0.000000
0.000000
0.000000
0.000000
0.000000
0.000000
0.000000
0.000000
0.000000
0.000000
15.027859
0.000000
0.000000
0.000000
0.000000
0.000000
0.000000
0.000000
0.000000
0.000000
0.000000
0.000000
0.000000
0.000000
0.000000
0.000000
0.000000
0.000000
0.000000
0.000000
0.000000
0.000000
0.000000
0.000000
0.000000
0.000000
8.496198
0.000000
0.000000
0.000000
0.000000
0.000000
17.791260
0.000000
0.000000
0.000000
0.000000
0.000000
0.000000
0.000000
0.000000
0.000000
0.000000
0.000000
0.000000
0.000000
0.000000
0.000000
0.000000
0.000000
0.000000
0.000000
0.000000
0.000000
0.000000
0.000000
0.000000
0.000000
0.000000
0.000000
0.000000
0.000000
0.000000
0.000000
0.000000
0.000000
0.000000
0.000000
0.000000
0.000000
0.000000
0.000000
0.000000
0.000000
0.000000
0.000000
0.000000
0.000000
0.000000
0.000000
0.000000
0.000000
0.000000
0.000000
0.000000
0.000000
0.000000
0.000000
0.000000
0.000000
0.000000
0.000000
0.000000
0.000000
0.000000
0.000000
0.000000
0.000000
0.000000
0.000000
0.000000
0.000000
0.000000
0.000000
0.000000
0.000000
0.000000
0.000000
0.000000
0.000000
0.000000
0.000000
0.000000
0.000000
0.000000
0.000000
0.000000
0.000000
0.000000
0.000000
0.000000
0.000000
0.000000
2316.000000
0.000000
0.000000
0.000000
0.000000
0.000000
0.000000
0.000000
0.000000
0.000000
0.000000
0.000000
0.000000
0.000000
0.000000
0.000000
0.000000
0.000000
0.000000
0.000000
0.000000
0.000000
0.000000
0.000000
0.000000
0.000000
0.000000
0.000000
0.000000
0.000000
0.000000
0.000000
0.000000
0.000000
0.000000
0.000000
0.000000
0.000000
0.000000
0.000000
0.000000
0.000000
0.000000
0.000000
0.000000
0.000000
0.000000
0.000000
0.000000
0.000000
0.000000
0.000000
0.000000
0.000000
0.000000
0.000000
0.000000
0.000000
0.000000
0.000000
0.000000
0.000000
0.000000
0.000000
0.000000
0.000000
0.000000
0.000000
0.000000
0.000000
0.000000
1.616859
0.000000
22.889397
0.000000
0.000000
0.000000
0.000000
0.000000
0.000000
0.000000
0.000000
0.000000
0.000000
0.000000
0.000000
0.000000
0.000000
0.000000
0.000000
0.000000
0.000000
0.000000
0.000000
0.000000
0.000000
0.000000
0.000000
0.000000
0.000000
0.000000
0.000000
0.000000
0.000000
0.000000
0.000000
0.000000
0.000000
0.000000
0.000000
0.000000
0.000000
0.000000
0.000000
0.000000
0.000000
0.000000
0.000000
0.000000
0.000000
0.000000
0.000000
0.000000
0.000000
0.000000
0.000000
0.000000
0.000000
0.000000
0.000000
0.000000
0.000000
0.000000
0.000000
0.000000
0.000000
0.000000
0.000000
0.000000
0.000000
0.000000
0.000000
0.000000
0.000000
0.000000
0.000000
0.000000
0.000000
0.000000
0.000000
0.000000
0.000000
0.000000
0.000000
0.000000
0.000000
0.000000
0.000000
0.000000
0.000000
0.000000
0.000000
0.000000
0.000000
0.000000
0.000000
0.000000
0.000000
0.000000
0.000000
0.000000
0.000000
0.000000
0.000000
0.000000
0.000000
0.000000
0.000000
0.000000
0.000000
0.000000
0.000000
0.000000
0.000000
0.000000
0.000000
0.000000
0.000000
0.000000
0.000000
0.000000
0.000000
0.000000
0.000000
0.000000
0.000000
0.000000
0.000000
0.000000
0.000000
0.000000
0.000000
0.000000
0.000000
0.000000
0.000000
0.000000
0.000000
0.000000
0.000000
0.000000
0.000000
0.000000
0.000000
0.000000
0.000000
0.000000
0.000000
0.000000
0.000000
0.000000
0.000000
0.000000
0.000000
0.000000
0.000000
0.000000
0.000000
0.000000
0.000000
0.000000
0.000000
0.000000
0.000000
0.000000
0.000000
0.000000
0.000000
0.000000
0.000000
0.000000
3.348091
1506.434225
0.000000
0.000000
0.000000
0.000000
0.000000
0.000000
0.000000
0.000000
0.000000
0.000000
0.000000
0.000000
0.000000
0.000000
0.000000
0.000000
0.000000
0.000000
0.000000
0.000000
0.000000
0.000000
0.000000
0.000000
0.000000
0.000000
0.000000
0.000000
0.000000
0.000000
0.000000
0.000000
0.000000
0.000000
0.000000
0.000000
0.000000
0.000000
6965.175399
0.000000
0.000000
0.000000
0.000000
0.000000
0.000000
0.000000
0.000000
0.000000
0.000000
0.000000
0.000000
0.000000
0.000000
0.000000
0.000000
0.000000
0.000000
0.000000
0.000000
0.000000
0.000000
0.000000
0.000000
0.000000
0.000000
0.000000
0.000000
0.000000
0.000000
0.000000
0.000000
0.000000
0.000000
0.000000
0.000000
0.000000
0.000000
0.000000
0.000000
0.000000
0.000000
0.000000
0.000000
0.000000
0.000000
0.000000
0.000000
0.000000
0.000000
0.000000
0.000000
0.000000
0.000000
0.000000
0.000000
0.000000
0.000000
0.000000
0.000000
0.000000
0.000000
0.000000
0.000000
0.000000
0.000000
0.000000
0.000000
0.000000
0.000000
0.000000
0.000000
0.000000
0.000000
0.000000
0.000000
0.000000
0.000000
0.000000
0.000000
0.000000
0.000000
0.000000
0.000000
0.000000
0.000000
0.000000
0.000000
0.000000
0.000000
0.000000
0.000000
0.000000
0.000000
0.000000
0.000000
0.000000
0.000000
0.000000
0.000000
0.000000
0.000000
0.000000
0.000000
0.000000
0.000000
0.000000
0.000000
0.000000
0.000000
0.000000
0.000000
0.000000
0.000000
0.000000
0.000000
0.000000
0.000000
0.000000
0.000000
0.000000
0.000000
0.000000
0.000000
0.000000
0.000000
0.000000
0.000000
0.000000
0.000000
0.000000
0.000000
0.000000
0.000000
0.000000
0.000000
0.000000
0.000000
0.000000
0.000000
0.000000
0.000000
0.000000
0.000000
0.000000
0.000000
0.000000
0.000000
0.000000
0.000000
0.000000
0.000000
0.000000
0.000000
0.000000
0.000000
0.000000
0.000000
0.000000
0.000000
0.000000
0.000000
0.000000
0.000000
0.000000
0.000000
0.000000
0.000000
0.000000
0.000000
0.000000
0.000000
0.000000
0.000000
0.000000
0.000000
0.000000
0.000000
0.000000
0.000000
0.000000
0.000000
0.000000
0.000000
0.000000
0.000000
0.000000
0.000000
0.000000
0.000000
0.000000
0.000000
0.000000
0.000000
0.000000
0.000000
0.000000
0.000000
0.000000
0.000000
0.000000
0.000000
0.000000
0.000000
0.000000
0.000000
0.000000
0.000000
0.000000
0.000000
0.000000
0.000000
0.000000
0.000000
0.000000
0.000000
0.000000
0.000000
0.000000
0.000000
0.000000
0.000000
0.000000
0.000000
0.000000
0.000000
0.000000
0.000000
0.000000
0.000000
0.000000
0.000000
0.000000
0.000000
0.000000
0.000000
0.000000
0.000000
0.000000
0.000000
0.000000
0.000000
0.000000
0.000000
0.000000
0.000000
0.000000
0.000000
0.000000
0.000000
0.000000
0.000000
0.000000
0.000000
0.000000
0.000000
0.000000
0.000000
0.000000
0.000000
0.000000
0.000000
0.000000
0.000000
0.000000
0.000000
0.000000
0.000000
0.000000
0.000000
0.000000
0.000000
0.000000
0.000000
0.000000
0.000000
0.000000
0.000000
0.000000
0.000000
0.000000
0.000000
0.000000
0.000000
0.000000
0.000000
0.000000
0.000000
0.000000
0.000000
0.000000
0.000000
0.000000
0.000000
0.000000
0.000000
0.000000
0.000000
0.000000
0.000000
0.000000
0.000000
0.000000
0.000000
0.000000
0.000000
0.000000
0.000000
0.000000
0.000000
0.000000
0.000000
0.000000
0.000000
0.000000
0.000000
0.000000
0.000000
0.000000
0.000000
0.000000
0.000000
0.000000
0.000000
0.000000
0.000000
0.000000
0.000000
0.000000
0.000000
0.000000
0.000000
0.000000
0.000000
0.000000
0.000000
0.000000
0.000000
0.000000
0.000000
0.000000
0.000000
0.000000
0.000000
0.000000
0.000000
0.000000
0.000000
0.000000
0.000000
0.000000
0.000000
0.000000
0.000000
0.000000
0.000000
0.000000
0.000000
0.000000
0.000000
0.000000
0.000000
0.000000
0.000000
0.000000
0.000000
0.000000
0.000000
0.000000
0.000000
0.000000
0.000000
0.000000
0.000000
0.000000
0.000000
0.000000
0.000000
0.000000
0.000000
0.000000
0.000000
0.000000
0.000000
0.000000
0.000000
0.000000
0.000000
0.000000
0.000000
0.000000
0.000000
0.000000
0.000000
0.000000
0.000000
0.000000
0.000000
0.000000
0.000000
0.000000
0.000000
0.000000
0.000000
0.000000
0.000000
0.000000
0.000000
0.000000
0.000000
0.000000
0.000000
0.000000
0.000000
0.000000
0.000000
0.000000
0.000000
0.000000
0.000000
0.000000
0.000000
0.000000
0.000000
0.000000
0.000000
0.000000
0.000000
0.000000
0.000000
0.000000
0.000000
0.000000
0.000000
0.000000
0.000000
0.000000
0.000000
0.000000
0.000000
0.000000
0.000000
0.000000
0.000000
0.000000
0.000000
0.000000
0.000000
0.000000
0.000000
0.000000
0.000000
0.000000
0.000000
0.000000
0.000000
0.000000
0.000000
0.000000
0.000000
0.000000
0.000000
0.000000
0.000000
0.000000
0.000000
0.000000
0.000000
0.000000
0.000000
0.000000
0.000000
0.000000
0.000000
0.000000
0.000000
0.000000
0.000000
0.000000
0.000000
0.000000
0.000000
0.000000
0.000000
0.000000
0.000000
0.000000
0.000000
0.000000
0.000000
0.000000
0.000000
0.000000
0.000000
0.000000
0.000000
0.000000
0.000000
0.000000
0.000000
0.000000
0.000000
0.000000
0.000000
0.000000
0.000000
0.000000
0.000000
0.000000
0.000000
0.000000
0.000000
0.000000
0.000000
0.000000
0.000000
0.000000
0.000000
0.000000
0.000000
0.000000
0.000000
0.000000
0.000000
0.000000
0.000000
0.000000
0.000000
0.000000
0.000000
0.000000
0.000000
0.000000
0.000000
0.000000
0.000000
0.000000
0.000000
0.000000
0.000000
0.000000
0.000000
0.000000
0.000000
0.000000
0.000000
0.000000
0.000000
0.000000
0.000000
0.000000
0.000000
0.000000
0.000000
0.000000
0.000000
0.000000
0.000000
0.000000
0.000000
0.000000
0.000000
0.000000
0.000000
0.000000
0.000000
0.000000
0.000000
0.000000
0.000000
0.000000
0.000000
0.000000
0.000000
0.000000
0.000000
0.000000
0.000000
0.000000
0.000000
0.000000
0.000000
0.000000
0.000000
0.000000
0.000000
0.000000
0.000000
0.000000
0.000000
0.000000
40.908985
0.000000
0.000000
0.000000
0.000000
0.000000
0.000000
0.000000
0.000000
0.000000
0.000000
0.000000
16.548938
0.000000
0.000000
0.000000
0.000000
0.000000
0.000000
0.000000
0.000000
0.000000
0.000000
0.000000
0.000000
0.000000
0.000000
0.000000
0.000000
0.000000
0.000000
0.000000
0.000000
0.000000
0.000000
0.000000
0.000000
0.000000
0.000000
0.000000
0.000000
0.000000
0.000000
0.000000
0.000000
0.000000
0.000000
0.000000
0.000000
0.000000
0.000000
0.000000
0.000000
0.000000
0.000000
0.000000
0.000000
0.000000
0.000000
0.000000
0.000000
0.000000
0.000000
0.000000
0.000000
0.000000
0.000000
0.000000
0.000000
0.000000
0.000000
0.000000
0.000000
0.000000
0.000000
0.000000
0.000000
0.000000
0.000000
0.000000
0.000000
0.000000
0.000000
0.000000
0.000000
0.000000
0.000000
31.363087
0.000000
0.000000
0.000000
0.000000
0.000000
0.000000
0.000000
0.000000
0.000000
0.000000
0.000000
0.000000
0.000000
0.000000
0.000000
0.000000
0.000000
0.000000
0.000000
0.000000
0.000000
0.000000
0.000000
0.000000
0.000000
0.000000
0.000000
0.000000
0.000000
0.000000
0.000000
0.000000
0.000000
0.000000
0.000000
0.000000
0.000000
0.000000
0.000000
0.000000
0.000000
0.000000
0.000000
0.000000
0.000000
440.961268
5158.000000
0.000000
0.000000
0.000000
0.000000
0.000000
0.000000
0.000000
0.000000
0.000000
0.000000
0.000000
0.000000
0.000000
0.000000
0.000000
0.000000
0.000000
0.000000
0.000000
28.911438
0.000000
0.000000
0.000000
0.000000
0.000000
0.000000
0.000000
0.000000
0.000000
0.000000
0.000000
0.000000
0.000000
0.000000
0.000000
0.000000
0.000000
0.000000
0.000000
0.000000
0.000000
0.000000
0.000000
0.000000
0.000000
0.000000
0.000000
0.000000
0.000000
0.000000
0.000000
0.000000
0.000000
0.000000
0.000000
0.000000
0.000000
0.000000
0.000000
0.000000
0.000000
0.000000
0.000000
0.000000
0.000000
0.000000
0.000000
0.000000
0.000000
0.000000
0.000000
0.000000
0.000000
0.000000
0.000000
0.000000
0.000000
0.000000
0.000000
0.000000
0.000000
0.000000
0.000000
0.000000
0.000000
0.000000
0.000000
0.000000
0.000000
0.000000
0.000000
0.000000
0.000000
0.000000
0.000000
0.000000
0.000000
0.000000
0.000000
0.000000
0.000000
0.000000
0.000000
0.000000
0.000000
0.000000
0.000000
0.000000
0.000000
0.000000
0.000000
0.000000
0.000000
0.000000
0.000000
0.000000
0.000000
0.000000
0.000000
0.000000
0.000000
0.000000
0.000000
0.000000
0.000000
0.000000
0.000000
0.000000
0.000000
0.000000
0.000000
0.000000
0.000000
0.000000
0.000000
0.000000
0.000000
0.000000
0.000000
0.000000
0.000000
0.000000
0.000000
0.000000
0.000000
0.000000
0.000000
0.000000
0.000000
0.000000
0.000000
0.000000
0.000000
0.000000
0.000000
0.000000
0.000000
0.000000
0.000000
0.000000
0.000000
0.000000
0.000000
0.000000
0.000000
0.000000
0.000000
0.000000
0.000000
0.000000
0.000000
0.000000
0.000000
0.000000
0.000000
0.000000
0.000000
0.000000
0.000000
0.000000
0.000000
0.000000
0.000000
0.000000
0.000000
0.000000
0.000000
0.000000
0.000000
5.730841
0.000000
0.000000
0.000000
0.000000
0.000000
0.000000
0.000000
0.000000
0.000000
0.000000
0.000000
0.000000
0.000000
0.000000
0.000000
0.000000
0.000000
0.000000
0.000000
0.000000
0.000000
0.000000
0.000000
0.000000
0.000000
0.000000
0.000000
0.000000
0.000000
0.000000
0.000000
0.000000
0.000000
0.000000
0.000000
0.000000
0.000000
0.000000
0.000000
0.000000
0.000000
0.000000
0.000000
0.000000
0.000000
0.000000
0.000000
0.000000
0.000000
0.000000
0.000000
0.000000
0.000000
0.000000
0.000000
0.000000
0.000000
0.000000
0.000000
0.000000
0.000000
0.000000
0.000000
0.000000
0.000000
0.000000
0.000000
0.000000
0.000000
0.000000
0.000000
0.000000
0.000000
0.000000
0.000000
0.000000
0.000000
0.000000
0.000000
0.000000
0.000000
0.000000
0.000000
0.000000
0.000000
0.000000
0.000000
0.000000
0.000000
0.000000
0.000000
0.000000
0.000000
0.000000
0.000000
0.000000
0.000000
0.000000
0.000000
0.000000
0.000000
0.000000
0.000000
0.000000
0.000000
0.000000
0.000000
0.000000
0.000000
0.000000
0.000000
0.000000
0.000000
0.000000
0.000000
0.000000
0.000000
0.000000
0.000000
0.000000
0.000000
0.000000
0.000000
0.000000
0.000000
0.000000
0.000000
0.000000
0.000000
0.000000
0.000000
0.000000
0.000000
0.000000
0.000000
0.000000
0.000000
0.000000
0.000000
0.000000
0.000000
0.000000
0.000000
0.000000
0.000000
0.000000
0.000000
0.000000
0.000000
0.000000
0.000000
0.000000
0.000000
0.000000
0.000000
0.000000
0.000000
0.000000
0.000000
0.000000
0.000000
3.397429
0.000000
0.000000
0.000000
0.000000
0.000000
0.000000
0.000000
0.000000
0.000000
0.000000
0.000000
0.000000
0.000000
0.000000
0.000000
0.000000
0.000000
0.000000
0.000000
0.000000
0.000000
0.000000
0.000000
0.000000
0.000000
0.000000
0.000000
0.000000
0.000000
0.000000
0.000000
0.000000
0.000000
0.000000
0.000000
0.000000
0.000000
0.000000
0.000000
0.000000
0.000000
0.000000
0.000000
0.000000
0.000000
0.000000
0.000000
0.000000
0.000000
0.000000
0.000000
0.000000
0.000000
0.000000
0.000000
0.000000
0.000000
0.000000
0.000000
0.000000
0.000000
0.000000
0.000000
0.000000
0.000000
0.000000
0.000000
0.000000
0.000000
0.000000
0.000000
0.000000
0.000000
0.000000
0.000000
0.000000
0.000000
0.000000
0.000000
0.000000
0.000000
0.000000
0.000000
0.000000
0.000000
0.000000
0.000000
0.000000
0.000000
0.000000
0.000000
0.000000
0.000000
0.000000
0.000000
0.000000
0.000000
0.000000
0.000000
0.000000
0.000000
0.000000
0.000000
0.000000
0.000000
0.000000
0.000000
0.000000
0.000000
0.000000
0.000000
0.000000
0.000000
0.000000
0.000000
0.000000
0.000000
0.000000
0.000000
0.000000
0.000000
0.000000
0.000000
0.000000
0.000000
0.000000
0.000000
0.000000
0.000000
0.000000
0.000000
0.000000
0.000000
0.000000
0.000000
0.000000
0.000000
0.000000
0.000000
0.000000
0.000000
0.000000
0.000000
0.000000
0.000000
0.000000
0.000000
0.000000
0.000000
0.000000
0.000000
0.000000
0.000000
0.000000
0.000000
0.000000
0.000000
0.000000
0.000000
0.000000
0.000000
0.000000
0.000000
0.000000
0.000000
0.000000
0.000000
0.000000
0.000000
0.000000
0.000000
0.000000
0.000000
0.000000
0.000000
0.000000
0.000000
0.000000
0.000000
0.000000
0.000000
0.000000
0.000000
0.000000
0.000000
0.000000
0.000000
0.000000
0.000000
0.000000
0.000000
0.000000
0.000000
0.000000
0.000000
0.000000
0.000000
0.000000
0.000000
0.000000
0.000000
0.000000
0.000000
0.000000
0.000000
0.000000
0.000000
0.000000
0.000000
0.000000
0.000000
0.000000
0.000000
0.000000
0.000000
0.000000
0.000000
0.000000
0.000000
0.000000
0.000000
0.000000
0.000000
0.000000
0.000000
0.000000
0.000000
0.000000
0.000000
0.000000
0.000000
0.000000
0.000000
0.000000
0.000000
0.000000
0.000000
0.000000
0.000000
0.000000
0.000000
0.000000
0.000000
0.000000
0.000000
0.000000
0.000000
0.000000
0.000000
0.000000
0.000000
0.000000
0.000000
0.000000
0.000000
0.000000
0.000000
0.000000
0.000000
0.000000
0.000000
0.000000
0.000000
0.000000
0.000000
0.000000
0.000000
0.000000
0.000000
0.000000
0.000000
0.000000
0.000000
0.000000
0.000000
0.000000
0.000000
0.000000
0.000000
0.000000
0.000000
0.000000
0.000000
0.000000
0.000000
0.000000
0.000000
0.000000
0.000000
0.000000
0.000000
0.000000
0.000000
0.000000
0.000000
0.000000
0.000000
0.000000
0.000000
0.000000
0.000000
0.000000
0.000000
0.000000
0.000000
0.000000
0.000000
0.000000
0.000000
0.000000
0.000000
0.000000
0.000000
0.000000
0.000000
0.000000
0.000000
0.000000
0.000000
0.000000
0.000000
0.000000
0.000000
0.000000
0.000000
0.000000
0.000000
0.000000
0.000000
0.000000
0.000000
0.000000
0.000000
0.000000
0.000000
0.000000
0.000000
0.000000
0.000000
0.000000
0.000000
0.000000
0.000000
0.000000
0.000000
0.000000
0.000000
0.000000
0.000000
0.000000
0.000000
0.000000
0.000000
0.000000
0.000000
0.000000
0.000000
0.000000
0.000000
0.000000
0.000000
0.000000
0.000000
0.000000
0.000000
0.000000
0.000000
0.000000
0.000000
0.000000
0.000000
0.000000
0.000000
0.000000
0.000000
0.000000
0.000000
0.000000
0.000000
0.000000
0.000000
0.000000
0.000000
0.000000
0.000000
0.000000
0.000000
0.000000
0.000000
0.000000
0.000000
0.000000
0.000000
0.000000
0.000000
0.000000
0.000000
0.000000
0.000000
0.000000
0.000000
0.000000
0.000000
0.000000
0.000000
0.000000
0.000000
0.000000
0.000000
0.000000
0.000000
0.000000
0.000000
0.000000
0.000000
0.000000
0.000000
0.000000
0.000000
0.000000
0.000000
0.000000
0.000000
0.000000
0.000000
0.000000
0.000000
0.000000
0.000000
0.000000
0.000000
0.000000
0.000000
0.000000
0.000000
0.000000
0.000000
0.000000
0.000000
0.000000
0.000000
0.000000
0.000000
0.000000
0.000000
0.000000
0.000000
0.000000
0.000000
0.000000
0.000000
0.000000
0.000000
0.000000
0.000000
0.000000
0.000000
0.000000
0.000000
0.000000
0.000000
0.000000
0.000000
0.000000
0.000000
0.000000
0.000000
0.000000
0.000000
0.000000
0.000000
0.000000
0.000000
0.000000
0.000000
0.000000
0.000000
0.000000
0.000000
0.000000
0.000000
0.000000
0.000000
0.000000
0.000000
0.000000
0.000000
0.000000
0.000000
0.000000
0.000000
0.000000
0.000000
0.000000
0.000000
0.000000
0.000000
0.000000
0.000000
0.000000
0.000000
0.000000
0.000000
0.000000
0.000000
0.000000
0.000000
0.000000
0.000000
0.000000
0.000000
0.000000
0.000000
0.000000
0.000000
0.000000
0.000000
0.000000
0.000000
0.000000
0.000000
0.000000
0.000000
0.000000
0.000000
0.000000
0.000000
0.000000
0.000000
0.000000
0.000000
0.000000
0.000000
0.000000
0.000000
0.000000
0.000000
0.000000
0.000000
0.000000
0.000000
0.000000
0.000000
0.000000
0.000000
0.000000
0.000000
0.000000
0.000000
0.000000
0.000000
0.000000
0.000000
0.000000
0.000000
0.000000
0.000000
0.000000
0.000000
0.000000
0.000000
2315.743518
0.000000
0.000000
0.000000
0.000000
0.000000
0.000000
0.000000
0.000000
0.000000
0.000000
0.000000
0.000000
0.000000
0.000000
0.000000
0.000000
0.000000
0.000000
0.000000
0.000000
0.000000
0.000000
0.000000
0.000000
0.000000
0.000000
0.000000
0.000000
0.000000
0.000000
0.000000
0.000000
0.000000
0.000000
0.000000
0.000000
0.000000
0.000000
0.000000
0.000000
0.000000
0.000000
0.000000
0.000000
0.000000
0.000000
0.000000
0.000000
0.000000
0.000000
0.000000
0.000000
0.000000
0.000000
0.000000
0.000000
0.000000
0.000000
0.000000
0.000000
0.000000
0.000000
0.000000
0.000000
0.000000
0.000000
0.000000
0.000000
0.000000
0.000000
0.000000
0.000000
0.000000
0.000000
0.000000
0.000000
0.000000
0.000000
0.000000
0.000000
0.000000
0.000000
0.000000
0.000000
0.000000
0.000000
0.000000
0.000000
0.000000
0.000000
0.000000
0.000000
0.000000
0.000000
0.000000
0.000000
0.000000
0.000000
0.000000
0.000000
0.000000
0.000000
0.000000
0.000000
0.000000
0.000000
0.000000
0.000000
0.000000
0.000000
0.000000
0.000000
0.000000
0.000000
0.000000
0.000000
0.000000
0.000000
0.000000
0.000000
0.000000
0.000000
0.000000
0.000000
0.000000
0.000000
0.000000
0.000000
0.000000
0.000000
0.000000
0.000000
0.000000
0.000000
0.000000
0.000000
0.000000
0.000000
0.000000
0.000000
0.000000
0.000000
0.000000
0.000000
0.000000
0.000000
0.000000
0.000000
0.000000
0.000000
0.000000
0.000000
0.000000
0.000000
0.000000
0.000000
0.000000
0.000000
0.000000
0.000000
0.000000
0.000000
0.000000
0.000000
0.000000
0.000000
0.000000
0.000000
0.000000
0.000000
0.000000
0.000000
0.000000
0.000000
0.000000
0.000000
0.000000
0.000000
0.000000
0.000000
0.000000
0.000000
0.000000
0.000000
0.000000
0.000000
0.000000
0.000000
0.000000
0.000000
0.000000
0.000000
0.000000
0.000000
0.000000
0.000000
0.000000
0.000000
0.000000
0.000000
0.000000
0.000000
0.000000
0.000000
0.000000
0.000000
0.000000
0.000000
0.000000
0.000000
0.000000
0.000000
0.000000
0.000000
0.000000
0.000000
0.000000
0.000000
0.000000
0.000000
0.000000
0.000000
0.000000
0.000000
0.000000
0.000000
0.000000
0.000000
0.000000
0.000000
0.000000
0.000000
0.000000
0.000000
0.000000
0.000000
0.000000
0.000000
0.000000
0.000000
0.000000
0.000000
0.000000
0.000000
0.000000
0.000000
0.000000
0.000000
0.000000
0.000000
0.000000
0.000000
0.000000
0.000000
0.000000
0.000000
0.000000
0.000000
0.000000
0.000000
0.000000
0.000000
0.000000
0.000000
0.000000
0.000000
0.000000
0.000000
0.000000
0.000000
0.000000
0.000000
0.000000
0.000000
0.000000
0.000000
0.000000
0.000000
0.000000
0.000000
0.000000
0.000000
0.000000
0.000000
0.000000
0.000000
0.000000
0.000000
0.000000
0.000000
0.000000
0.000000
0.000000
0.000000
0.000000
0.000000
0.000000
0.000000
0.000000
0.000000
0.000000
0.000000
0.000000
0.000000
0.000000
0.000000
0.000000
0.000000
0.000000
0.000000
0.000000
0.000000
0.000000
0.000000
0.000000
0.000000
0.000000
0.000000
0.000000
0.000000
0.000000
0.000000
0.000000
0.000000
0.000000
0.000000
0.000000
0.000000
0.000000
0.000000
0.000000
0.000000
0.000000
0.000000
0.000000
0.000000
0.000000
0.000000
0.000000
0.000000
0.000000
0.000000
0.000000
0.000000
0.000000
0.000000
0.000000
0.000000
0.000000
0.000000
0.000000
0.000000
0.000000
0.000000
0.000000
0.000000
0.000000
0.000000
0.000000
0.000000
0.000000
0.000000
0.000000
0.000000
0.000000
0.000000
0.000000
0.000000
0.000000
0.000000
0.000000
0.000000
0.000000
0.000000
0.000000
0.000000
0.000000
0.000000
0.000000
0.000000
0.000000
0.000000
0.000000
0.000000
0.000000
0.000000
0.000000
0.000000
0.000000
0.000000
0.000000
0.000000
0.000000
0.000000
0.000000
0.000000
0.000000
0.000000
0.000000
0.000000
0.000000
0.000000
0.000000
0.000000
0.000000
0.000000
0.000000
0.000000
0.000000
0.000000
0.000000
0.000000
0.000000
0.000000
0.000000
0.000000
0.000000
0.000000
0.000000
0.000000
0.000000
0.000000
0.000000
0.000000
0.000000
0.000000
0.000000
0.000000
0.000000
0.000000
0.000000
0.000000
0.000000
0.000000
0.000000
0.000000
0.000000
0.000000
0.000000
0.000000
0.000000
0.000000
0.000000
0.000000
0.000000
0.000000
0.000000
0.000000
0.000000
0.000000
0.000000
0.000000
0.000000
0.000000
0.000000
0.000000
0.000000
0.000000
0.000000
0.000000
0.000000
0.000000
0.000000
0.000000
0.000000
0.000000
0.000000
0.000000
0.000000
0.000000
0.000000
0.000000
0.000000
0.000000
0.000000
0.000000
0.000000
0.000000
0.000000
0.000000
0.000000
0.000000
0.000000
0.000000
0.000000
0.000000
0.000000
0.000000
0.000000
0.000000
0.000000
0.000000
0.000000
0.000000
0.000000
0.000000
0.000000
0.000000
0.000000
0.000000
0.000000
0.000000
0.000000
0.000000
0.000000
0.000000
0.000000
0.000000
0.000000
0.000000
0.000000
0.000000
0.000000
0.000000
0.000000
0.000000
0.000000
0.000000
0.000000
0.000000
0.000000
0.000000
0.000000
0.000000
0.000000
0.000000
0.000000
0.000000
0.000000
0.000000
0.000000
0.000000
0.000000
0.000000
0.000000
0.000000
0.000000
0.000000
0.000000
0.000000
0.000000
0.000000
0.000000
0.000000
0.000000
0.000000
0.000000
0.000000
0.000000
0.000000
0.000000
0.000000
0.000000
0.000000
0.000000
0.000000
0.000000
0.000000
0.000000
0.000000
0.000000
0.000000
0.000000
0.000000
0.000000
0.000000
0.000000
0.000000
0.000000
0.000000
0.000000
0.000000
0.000000
0.000000
0.000000
0.000000
0.000000
0.000000
0.000000
0.000000
0.000000
0.000000
0.000000
0.000000
0.000000
0.000000
0.000000
0.000000
0.000000
0.000000
0.000000
0.000000
0.000000
0.000000
0.000000
0.000000
0.000000
0.000000
0.000000
0.000000
0.000000
0.000000
0.000000
0.000000
0.000000
0.000000
0.000000
0.000000
0.000000
0.000000
0.000000
0.000000
0.000000
0.000000
0.000000
0.000000
0.000000
0.000000
0.000000
0.000000
0.000000
0.000000
0.000000
0.000000
0.000000
0.000000
0.000000
0.000000
0.000000
0.000000
0.000000
0.000000
0.000000
0.000000
0.000000
0.000000
0.000000
0.000000
0.000000
0.000000
0.000000
0.000000
0.000000
0.000000
0.000000
0.000000
0.000000
0.000000
0.000000
0.000000
0.000000
0.000000
0.000000
0.000000
0.000000
0.000000
0.000000
0.000000
0.000000
0.000000
0.000000
0.000000
0.000000
0.000000
0.000000
0.000000
0.000000
0.000000
0.000000
0.000000
0.000000
0.000000
0.000000
0.000000
0.000000
0.000000
0.000000
0.000000
0.000000
0.000000
0.000000
0.000000
0.000000
0.000000
0.000000
0.000000
0.000000
0.000000
0.000000
0.000000
0.000000
0.000000
0.000000
0.000000
0.000000
0.000000
0.000000
0.000000
0.000000
0.000000
0.000000
0.000000
0.000000
0.000000
0.000000
0.000000
0.000000
0.000000
0.000000
0.000000
0.000000
0.000000
0.000000
0.000000
0.000000
0.000000
0.000000
0.000000
0.000000
0.000000
0.000000
0.000000
0.000000
0.000000
0.000000
0.000000
0.000000
0.000000
0.000000
0.000000
0.000000
0.000000
0.000000
0.000000
0.000000
0.000000
0.000000
0.000000
0.000000
0.000000
0.000000
0.000000
0.000000
0.000000
0.000000
0.000000
0.000000
0.000000
0.000000
0.000000
0.000000
0.000000
0.000000
0.000000
0.000000
0.000000
0.000000
0.000000
0.000000
0.000000
0.000000
0.000000
0.000000
0.000000
0.000000
0.000000
0.000000
0.000000
0.000000
0.000000
0.000000
0.000000
0.000000
0.000000
0.000000
0.000000
0.000000
0.000000
0.000000
0.000000
0.000000
0.000000
0.000000
0.000000
0.000000
0.000000
0.000000
0.000000
0.000000
0.000000
0.000000
0.000000
0.000000
0.000000
0.000000
0.000000
0.000000
0.000000
0.000000
0.000000
0.000000
0.000000
0.000000
0.000000
0.000000
0.000000
0.000000
0.000000
0.000000
0.000000
0.000000
0.000000
0.000000
0.000000
0.000000
0.000000
0.000000
0.000000
0.000000
0.000000
0.000000
0.000000
0.000000
0.000000
0.000000
0.000000
0.000000
0.000000
0.000000
0.000000
0.000000
0.000000
0.000000
0.000000
0.000000
0.000000
0.000000
0.000000
0.000000
0.000000
0.000000
0.000000
0.000000
0.000000
0.000000
0.000000
0.000000
0.000000
0.000000
0.000000
0.000000
0.000000
0.000000
0.000000
0.000000
0.000000
0.000000
0.000000
0.000000
0.000000
0.000000
0.000000
0.000000
0.000000
0.000000
0.000000
0.000000
